0	1	31676.497
0	2	30845.428
0	3	32676.4
1	1	85495.101
1	2	84674.462
1	3	86385.291
2	1	83406.184
2	2	82687.547
2	3	83041.132
3	1	85702.118
3	2	86804.628
3	3	86150.715
4	1	85362.686
4	2	85460.975
4	3	85875.226
5	1	86281.461
5	2	85710.636
5	3	86450.798
6	1	54011.866
6	2	55661.448
6	3	53696.977
7	1	86156.066
7	2	85421.553
7	3	86727.2
8	1	86584.215
8	2	86674.2
8	3	85792.096
9	1	85514.512
9	2	85798.285
9	3	85988.066
10	1	85034.48
10	2	85650.345
10	3	85389.27
11	1	86495.881
11	2	87010.295
11	3	85802.342
12	1	83700.452
12	2	84076.844
12	3	84011.695
13	1	53143.795
13	2	54036.168
13	3	54414.663
14	1	85156.846
14	2	84902.237
14	3	86451.151
15	1	84087.401
15	2	84824.422
15	3	84132.071
16	1	85334.996
16	2	86246.922
16	3	84662.41
17	1	76623.368
17	2	77075.096
17	3	76331.452
18	1	86451.11
18	2	86416.108
18	3	86699.85
19	1	69479.44
19	2	70368.134
19	3	67914.21
20	1	66882.795
20	2	67981.15
20	3	65014.97
21	1	57231.933
21	2	60258.388
21	3	60439.11
22	1	86390.985
22	2	86391.372
22	3	86929.87
23	1	59354.806
23	2	58785.363
23	3	59002.354
24	1	74421.5
24	2	74404.721
24	3	72859.12
25	1	46452.197
25	2	47304.152
25	3	44772.62
26	1	54437.379
26	2	52957.356
26	3	54537.7
27	1	45264.202
27	2	47283.754
27	3	42766.376
28	1	69280.534
28	2	68274.796
28	3	64117.604
29	1	78266.551
29	2	78254.125
29	3	76519.29
30	1	79298.453
30	2	79830.74
30	3	78747.783
31	1	85558.65
31	2	87003.469
31	3	83719.65
32	1	84986.247
32	2	85928.0901
32	3	85504.7
33	1	84146.767
33	2	84399.707
33	3	82198.603
34	1	81680.965
34	2	83657.48
34	3	82476.34
35	1	55463.292
35	2	57063.77
35	3	55778.146
36	1	75002.602
36	2	75180.2
36	3	74167.82
37	1	73629.079
37	2	73829.127
37	3	74158.76
38	1	78334.012
38	2	78210.576
38	3	79207.808
39	1	84786.019
39	2	85803.586
39	3	85801.295
40	1	86288.969
40	2	86710.017
40	3	85150.93
41	1	62825.191
41	2	62522.329
41	3	63554.94
42	1	85909.308
42	2	86213.741
42	3	86139.432
43	1	86149.0
43	2	85723.856
43	3	86425.62
44	1	60497.169
44	2	61963.093
44	3	60809.922
45	1	85551.039
45	2	85848.68
45	3	85134.83
46	1	85641.397
46	2	83749.364
46	3	86825.773
47	1	86211.847
47	2	86351.358
47	3	86419.45
48	1	57053.627
48	2	56778.475
48	3	56197.57
49	1	86093.036
49	2	86204.128
49	3	85752.455
50	1	86155.166
50	2	86190.792
50	3	86415.43
51	1	81610.588
51	2	81670.991
51	3	81807.402
52	1	85234.366
52	2	85948.664
52	3	83715.778
53	1	84958.263
53	2	85564.991
53	3	86005.712
54	1	86625.971
54	2	87097.708
54	3	86418.92
55	1	56322.011
55	2	56489.715
55	3	56926.736
56	1	74526.461
56	2	76179.244
56	3	74109.719
57	1	86393.75
57	2	86188.888
57	3	86448.366
58	1	85474.045
58	2	84907.398
58	3	86037.218
59	1	85464.361
59	2	85166.058
59	3	85415.464
60	1	85490.47
60	2	86351.496
60	3	86014.724
61	1	86089.739
61	2	85035.274
61	3	86417.226
62	1	58416.545
62	2	58696.186
62	3	58195.805
63	1	85400.161
63	2	86217.205
63	3	85873.745
64	1	86770.043
64	2	86316.636
64	3	86424.991
65	1	83278.165
65	2	84743.996
65	3	82441.782
66	1	86346.522
66	2	86145.296
66	3	86414.487
67	1	85782.365
67	2	86191.86
67	3	86332.091
68	1	86315.674
68	2	85078.68
68	3	86414.255
69	1	61945.905
69	2	62307.128
69	3	61669.089
70	1	85865.351
70	2	85618.319
70	3	86196.82
71	1	85725.331
71	2	86199.58
71	3	86422.252
72	1	85210.813
72	2	85290.069
72	3	86005.086
73	1	85788.87
73	2	87233.497
73	3	85114.252
74	1	85736.414
74	2	85359.131
74	3	86326.776
75	1	80670.253
75	2	81258.573
75	3	79539.156
76	1	52953.915
76	2	53817.98
76	3	52567.972
77	1	84808.074
77	2	85461.871
77	3	86328.266
78	1	86687.264
78	2	87331.362
78	3	86429.646
79	1	84400.176
79	2	85133.6
79	3	85060.29
80	1	84056.863
80	2	83069.063
80	3	83777.865
81	1	82162.503
81	2	83310.926
81	3	85982.863
82	1	85762.904
82	2	86068.101
82	3	86417.577
83	1	62582.439
83	2	63579.324
83	3	62030.851
84	1	86470.634
84	2	85833.864
84	3	86414.704
85	1	86446.773
85	2	86704.252
85	3	86418.19
86	1	81355.327
86	2	82882.098
86	3	83393.477
87	1	83624.084
87	2	84690.16
87	3	84148.555
88	1	82818.919
88	2	84346.642
88	3	81855.484
89	1	78075.719
89	2	75569.649
89	3	76245.573
90	1	55405.337
90	2	55538.464
90	3	55512.205
91	1	82635.34
91	2	83923.845
91	3	83714.209
92	1	86619.276
92	2	84681.768
92	3	86417.07
93	1	85480.015
93	2	86777.137
93	3	86399.952
94	1	83891.618
94	2	83708.737
94	3	82816.819
95	1	86619.949
95	2	86636.883
95	3	86005.149
96	1	81984.276
96	2	81498.449
96	3	81441.497
97	1	57587.048
97	2	58512.568
97	3	58961.993
98	1	82614.72
98	2	84220.46
98	3	81464.783
99	1	80370.247
99	2	80342.069
99	3	78718.005
100	1	83940.337
100	2	82805.639
100	3	85073.135
101	1	84243.5
101	2	84646.396
101	3	84625.281
102	1	86039.349
102	2	86167.827
102	3	86419.69
103	1	84200.539
103	2	85054.789
103	3	83314.752
104	1	55890.27
104	2	57643.563
104	3	57078.891
105	1	307.846
105	2	495.175
105	3	628.711
106	1	47984.27
106	2	47042.946
106	3	47133.038
107	1	80347.933
107	2	78726.098
107	3	81224.926
108	1	85540.545
108	2	86707.259
108	3	85049.103
109	1	82363.25
109	2	82766.587
109	3	82809.59
110	1	86289.69
110	2	85947.976
110	3	85433.671
111	1	61489.222
111	2	61291.133
111	3	61697.623
112	1	78337.158
112	2	79235.11
112	3	78756.185
113	1	86251.192
113	2	85786.996
113	3	86011.624
114	1	86150.738
114	2	86335.69
114	3	86003.694
115	1	85275.063
115	2	86235.391
115	3	85693.306
116	1	86434.501
116	2	86257.36
116	3	86395.5
117	1	85875.854
117	2	86376.006
117	3	86180.92
118	1	61675.059
118	2	62368.615
118	3	60768.67
119	1	86245.839
119	2	86122.39
119	3	86418.38
120	1	85102.902
120	2	84937.807
120	3	85068.79
121	1	85850.189
121	2	85279.76
121	3	86473.97
122	1	86431.702
122	2	85920.742
122	3	85682.995
123	1	86569.719
123	2	86529.53
123	3	86471.58
124	1	82950.931
124	2	82316.31
124	3	82604.134
125	1	55336.635
125	2	55903.841
125	3	56808.44
126	1	86171.072
126	2	85309.9
126	3	86418.88
127	1	81537.606
127	2	82509.38
127	3	81164.28
128	1	84996.683
128	2	85537.33
128	3	86431.93
129	1	76540.94
129	2	77160.453
129	3	77438.526
130	1	86178.214
130	2	86979.812
130	3	86405.95
131	1	85614.073
131	2	85823.452
131	3	85161.5
132	1	54267.21
132	2	54815.64
132	3	55184.38
133	1	85338.32
133	2	86717.318
133	3	85035.21
134	1	71673.916
134	2	72278.085
134	3	73113.21
135	1	84732.103
135	2	85888.678
135	3	85114.93
136	1	85892.276
136	2	86984.387
136	3	86406.17
137	1	85908.166
137	2	84945.748
137	3	86426.71
138	1	85931.805
138	2	86993.998
138	3	86430.01
139	1	54012.524
139	2	54386.547
139	3	55684.517
140	1	84911.192
140	2	83218.124
140	3	86443.03
141	1	85077.396
141	2	86468.631
141	3	86421.74
142	1	86267.205
142	2	85995.203
142	3	86422.631
143	1	82801.733
143	2	83171.439
143	3	83791.448
144	1	83475.84
144	2	81415.453
144	3	87109.73
145	1	83415.821
145	2	82095.094
145	3	83709.984
146	1	60217.982
146	2	60314.475
146	3	58972.833
147	1	84650.87
147	2	85114.29
147	3	86596.157
148	1	76008.024
148	2	73788.711
148	3	77130.32
149	1	69945.794
149	2	65106.969
149	3	72224.799
150	1	55932.601
150	2	50266.52
150	3	66208.664
151	1	78052.593
151	2	77654.262
151	3	77400.535
152	1	76533.887
152	2	73119.99
152	3	78022.362
153	1	50378.39
153	2	51804.551
153	3	50808.594
154	1	72469.35
154	2	70202.646
154	3	77916.7
155	1	62002.731
155	2	58172.556
155	3	69076.7
156	1	67785.341
156	2	64479.214
156	3	70032.211
157	1	3615.341
157	2	4535.83
157	3	4700.341
158	1	61486.996
158	2	59145.853
158	3	61635.368
159	1	83607.849
159	2	81130.257
159	3	82337.81
160	1	76141.373
160	2	76816.511
160	3	76295.1
161	1	86100.393
161	2	86416.236
161	3	86432.65
162	1	85995.804
162	2	85377.214
162	3	84960.59
163	1	84230.592
163	2	85250.26
163	3	84341.333
164	1	81891.989
164	2	81534.051
164	3	81960.1
165	1	84474.061
165	2	85626.235
165	3	83625.16
166	1	85940.332
166	2	85382.727
166	3	86444.31
167	1	3483.376
167	2	4011.339
167	3	4754.372
174	1	48926.209
174	2	48748.539
174	3	49211.64
175	1	85000.687
175	2	85371.787
175	3	86403.06
176	1	86264.949
176	2	85942.476
176	3	86423.06
177	1	84355.656
177	2	84989.88
177	3	83704.55
178	1	65862.031
178	2	66889.421
178	3	67533.46
179	1	78803.351
179	2	80582.458
179	3	77868.417
180	1	85911.987
180	2	85358.261
180	3	86443.14
181	1	44790.716
181	2	46497.783
181	3	44057.909
182	1	85768.67
182	2	84431.949
182	3	86418.63
183	1	86349.928
183	2	86410.398
183	3	86409.09
184	1	50652.805
184	2	50601.535
184	3	49719.03
185	1	57906.758
185	2	58396.225
185	3	59117.83
186	1	85798.82
186	2	85662.294
186	3	85506.486
187	1	85120.689
187	2	85503.953
187	3	86422.05
188	1	51003.967
188	2	51896.543
188	3	50716.44
189	1	85482.881
189	2	86416.255
189	3	86418.55
190	1	84975.938
190	2	85096.131
190	3	84036.952
191	1	86416.971
191	2	86406.921
191	3	86415.48
192	1	82863.523
192	2	82468.421
192	3	83404.68
193	1	86231.33
193	2	86720.725
193	3	86571.73
194	1	86430.116
194	2	86421.494
194	3	86421.81
195	1	54007.34
195	2	53502.273
195	3	54995.28
196	1	85333.744
196	2	86838.03
196	3	86426.45
197	1	85927.836
197	2	85707.798
197	3	86433.38
198	1	83543.807
198	2	82725.372
198	3	83347.36
199	1	85375.754
199	2	86400.055
199	3	86419.82
200	1	24391.302
200	2	24474.123
200	3	24966.61
201	1	71845.056
201	2	73044.692
201	3	73535.67
202	1	58863.179
202	2	57943.716
202	3	59441.5
203	1	86471.358
203	2	85361.128
203	3	86422.1
204	1	86384.745
204	2	86843.46
204	3	86419.29
205	1	81421.941
205	2	81434.405
205	3	82383.32
206	1	86103.529
206	2	85499.587
206	3	86435.38
207	1	85875.956
207	2	86075.515
207	3	84935.27
208	1	66173.193
208	2	73044.566
208	3	73528.23
209	1	63225.895
209	2	63584.616
209	3	62563.568
210	1	86598.028
210	2	86408.81
210	3	86402.08
211	1	77771.444
211	2	86406.275
211	3	86432.18
212	1	76500.82
212	2	77115.592
212	3	79524.94
213	1	82559.448
213	2	83357.376
213	3	82271.93
214	1	86109.425
214	2	86818.754
214	3	86732.58
215	1	84314.853
215	2	83424.781
215	3	84898.02
216	1	59706.822
216	2	59614.597
216	3	60400.132
217	1	582.8
217	2	1711.704
217	3	860.046
300	1	40977.141
300	2	43771.654
300	3	44989.92
301	1	86090.582
301	2	86716.15
301	3	86698.69
302	1	86065.405
302	2	86081.887
302	3	85242.13
303	1	79157.257
303	2	80017.348
303	3	78900.44
304	1	86769.332
304	2	86720.858
304	3	86416.39
305	1	83151.413
305	2	83718.589
305	3	83756.93
306	1	85522.917
306	2	85840.206
306	3	86421.46
307	1	49191.793
307	2	49568.732
307	3	48500.92
308	1	84975.021
308	2	85857.497
308	3	85582.54
309	1	84562.7325
309	2	85977.279
309	3	85492.73
310	1	84982.355
310	2	85874.089
310	3	84610.8
311	1	86711.748
311	2	86637.663
311	3	85264.92
312	1	84880.356
312	2	84660.508
312	3	85656.755
313	1	85443.143
313	2	85721.854
313	3	85197.12
314	1	56150.581
314	2	56849.704
314	3	56954.31
315	1	17568.86
315	2	20695.238
315	3	19280.81
316	1	86257.379
316	2	85074.059
316	3	86629.692
317	1	76592.511
317	2	75480.756
317	3	74443.31
322	1	44981.747
322	2	46022.846
322	3	46298.37
323	1	75610.032
323	2	76490.745
323	3	77488.325
324	1	84971.023
324	2	84811.627
324	3	84695.951
325	1	85005.858
325	2	85610.209
325	3	84236.104
326	1	84436.876
326	2	84999.621
326	3	85719.38
327	1	86753.84
327	2	86070.347
327	3	85318.15
328	1	54931.147
328	2	56525.736
328	3	56442.56
329	1	86174.853
329	2	85830.99
329	3	86743.48
330	1	86216.22
330	2	85660.237
330	3	84454.48
331	1	57319.02
331	2	57769.003
331	3	60702.193
332	1	86325.902
332	2	86330.178
332	3	86238.89
333	1	82725.675
333	2	82017.134
333	3	83897.21
334	1	76846.19
334	2	77407.619
334	3	77989.89
335	1	56125.023
335	2	57291.295
335	3	56480.38
336	1	86375.765
336	2	86040.507
336	3	87327.791
337	1	86969.745
337	2	86701.41
337	3	85757.328
338	1	85269.475
338	2	85222.026
338	3	86432.15
339	1	85883.188
339	2	86013.811
339	3	85422.85
340	1	85197.521
340	2	85826.111
340	3	84713.29
341	1	86406.598
341	2	86625.234
341	3	86504.41
342	1	60365.334
342	2	60497.613
342	3	60437.7
343	1	85326.118
343	2	85186.725
343	3	85712.75
344	1	85378.477
344	2	85902.816
344	3	85203.54
345	1	84235.878
345	2	84396.266
345	3	84832.92
346	1	85978.907
346	2	86567.079
346	3	85201.28
347	1	84650.379
347	2	85737.74
347	3	86152.97
348	1	86542.813
348	2	86562.899
348	3	86411.33
349	1	61005.791
349	2	60345.303
349	3	60954.42
350	1	85867.53
350	2	86134.497
350	3	85253.33
351	1	25480.735
351	2	25891.721
351	3	25139.64
352	1	69893.687
352	2	69430.98
352	3	68077.2492
353	1	85408.348
353	2	85948.71
353	3	85278.52
354	1	86496.984
354	2	85515.499
354	3	86034.64
355	1	80806.799
355	2	82337.059
355	3	81677.12
356	1	49778.996
356	2	50772.549
356	3	51454.13
357	1	85470.337
357	2	85794.96
357	3	85173.2
358	1	86014.9
358	2	86652.88
358	3	85324.75
359	1	84811.251
359	2	85024.011
359	3	85782.832
360	1	86509.74
360	2	86534.339
360	3	85317.2
361	1	85044.689
361	2	86509.311
361	3	84924.7
362	1	85986.074
362	2	86354.806
362	3	86412.6
363	1	47354.451
363	2	48859.141
363	3	48788.46
364	1	85287.444
364	2	86467.998
364	3	85166.47
365	1	86378.794
365	2	84901.688
365	3	86406.49
366	1	66561.859
366	2	65294.92
366	3	66954.41
367	1	85649.21
367	2	86523.204
367	3	85172.01
368	1	83263.474
368	2	82576.804
368	3	82479.0
369	1	86143.062
369	2	87061.409
369	3	86411.18
370	1	59414.526
370	2	59629.852
370	3	60863.87
371	1	85621.861
371	2	85692.846
371	3	85163.08
372	1	85125.842
372	2	86243.249
372	3	84064.82
373	1	52952.794
373	2	54169.869
373	3	53140.627
380	1	68808.508
380	2	68771.855
380	3	68390.17
381	1	85639.642
381	2	85872.89
381	3	85156.56
382	1	84814.933
382	2	84952.114
382	3	84630.59
383	1	86282.098
383	2	85192.904
383	3	86412.85
384	1	74645.941
384	2	73215.252
384	3	74422.952
385	1	85581.938
385	2	86526.155
385	3	86419.02
386	1	85338.92
386	2	84324.153
386	3	85342.98
387	1	85208.87
387	2	85318.013
387	3	84974.74
388	1	85771.597
388	2	86864.539
388	3	86424.46
389	1	84027.107
389	2	83861.832
389	3	84987.93
390	1	81135.765
390	2	81714.225
390	3	82032.298
391	1	85965.181
391	2	84727.298
391	3	85337.27
392	1	83742.028
392	2	84291.357
392	3	84244.634
393	1	49175.179
393	2	48599.598
393	3	48942.85
394	1	67026.805
394	2	68155.046
394	3	66999.171
395	1	85560.065
395	2	86070.383
395	3	86416.53
396	1	85404.677
396	2	85605.972
396	3	85987.498
397	1	84313.858
397	2	86056.426
397	3	85139.41
398	1	73567.415
398	2	73161.558
398	3	72917.05
399	1	86665.653
399	2	86133.073
399	3	86418.41
400	1	84852.359
400	2	83855.057
400	3	83168.77
401	1	85881.562
401	2	85341.056
401	3	86211.02
402	1	86071.627
402	2	85423.397
402	3	86419.29
403	1	86020.612
403	2	85948.464
403	3	86704.782
404	1	86587.385
404	2	85973.406
404	3	85152.98
405	1	59221.539
405	2	59827.73
405	3	59144.898
406	1	85516.587
406	2	85252.505
406	3	85140.74
407	1	74102.617
407	2	74707.603
407	3	74100.37
408	1	86659.352
408	2	86574.103
408	3	86414.79
409	1	78834.584
409	2	80663.678
409	3	79193.39
410	1	74441.669
410	2	76998.04
410	3	79860.036
411	1	85455.666
411	2	86738.194
411	3	86428.75
412	1	72320.472
412	2	71858.203
412	3	72918.79
413	1	86093.812
413	2	86750.831
413	3	86412.15
414	1	85986.462
414	2	86002.638
414	3	85349.043
415	1	83538.897
415	2	84499.08
415	3	83999.95
416	1	84843.502
416	2	84474.894
416	3	85410.185
417	1	85259.946
417	2	85247.332
417	3	84174.408
418	1	86020.361
418	2	85958.846
418	3	86417.65
419	1	74083.88
419	2	73924.024
419	3	73744.272
420	1	86640.147
420	2	86451.096
420	3	86415.64
421	1	86017.296
421	2	86415.874
421	3	86421.96
422	1	86042.507
422	2	85321.894
422	3	86833.917
423	1	86110.916
423	2	86417.478
423	3	85389.8
424	1	82910.246
424	2	84460.46
424	3	82016.698
425	1	85083.942
425	2	85032.512
425	3	85129.02
426	1	74161.398
426	2	73865.487
426	3	72914.28
427	1	85566.405
427	2	85910.929
427	3	83850.789
428	1	85606.622
428	2	86653.4
428	3	85119.795
429	1	86116.505
429	2	85908.692
429	3	86423.533
430	1	86067.053
430	2	85911.493
430	3	85111.54
431	1	84730.949
431	2	85377.848
431	3	84901.807
432	1	82972.845
432	2	85887.076
432	3	86414.751
433	1	60951.135
433	2	61423.759
433	3	60797.698
434	1	84294.747
434	2	82383.331
434	3	85417.155
435	1	86054.694
435	2	86159.689
435	3	86418.21
436	1	74433.389
436	2	73743.129
436	3	72562.933
437	1	84737.083
437	2	85434.241
437	3	85141.13
438	1	84543.999
438	2	85016.723
438	3	85248.432
439	1	85883.035
439	2	86132.06
439	3	85128.967
440	1	70874.071
440	2	70376.683
440	3	71607.417
441	1	86439.012
441	2	85499.144
441	3	84428.969
442	1	84199.466
442	2	84810.132
442	3	86418.228
443	1	84728.389
443	2	85807.199
443	3	84950.943
444	1	85456.607
444	2	85620.861
444	3	85115.631
445	1	84354.961
445	2	84836.154
445	3	85014.944
446	1	86348.678
446	2	84805.628
446	3	85419.049
447	1	60805.511
447	2	62229.249
447	3	62203.008
448	1	86473.198
448	2	84667.153
448	3	85410.933
449	1	85862.448
449	2	86423.783
449	3	85297.122
450	1	41169.141
450	2	41362.634
450	3	40504.82
451	1	85905.105
451	2	87122.513
451	3	86419.55
452	1	81483.696
452	2	81129.989
452	3	78272.362
453	1	86385.927
453	2	86927.17
453	3	86409.89
454	1	77486.778
454	2	77739.346
454	3	77063.448
455	1	86386.026
455	2	86166.757
455	3	86419.35
456	1	80976.379
456	2	82211.269
456	3	80243.91
457	1	83060.368
457	2	83840.302
457	3	82721.79
458	1	71514.293
458	2	71147.285
458	3	69051.44
459	1	79647.88
459	2	79096.851
459	3	79751.497
460	1	85375.454
460	2	86076.315
460	3	85426.588
461	1	61422.317
461	2	62064.28
461	3	60904.441
462	1	85273.284
462	2	85279.073
462	3	85106.211
463	1	86525.457
463	2	85989.405
463	3	86427.519
464	1	85588.544
464	2	85692.123
464	3	85641.276
465	1	86536.097
465	2	86172.786
465	3	86413.118
466	1	85171.356
466	2	85858.214
466	3	84858.51
467	1	86475.632
467	2	86119.86
467	3	86416.988
468	1	73997.549
468	2	75358.066
468	3	73381.836
469	1	85976.547
469	2	86205.397
469	3	85449.745
470	1	83610.682
470	2	84004.561
470	3	84048.674
471	1	85947.522
471	2	86281.359
471	3	85434.218
472	1	86024.83
472	2	86287.381
472	3	86417.279
473	1	84507.698
473	2	84796.491
473	3	84483.356
474	1	85446.07
474	2	86338.788
474	3	86416.853
475	1	72347.388
475	2	71779.679
475	3	72390.701
476	1	86672.087
476	2	86990.946
476	3	86418.119
477	1	76526.855
477	2	73409.811
477	3	75620.565
478	1	85559.115
478	2	85905.035
478	3	85594.649
479	1	85589.635
479	2	86151.515
479	3	86418.884
480	1	84881.599
480	2	84680.332
480	3	84255.223
481	1	85451.579
481	2	86356.373
481	3	85434.473
482	1	84345.418
482	2	84044.893
482	3	83977.905
483	1	66343.125
483	2	68965.466
483	3	64168.719
484	1	34684.784
484	2	34010.304
484	3	33828.77
485	1	82528.716
485	2	82471.924
485	3	82153.518
486	1	86614.867
486	2	85590.527
486	3	85441.66
487	1	84180.899
487	2	84614.957
487	3	83965.147
488	1	85327.265
488	2	85680.68
488	3	85107.261
489	1	50607.358
489	2	51335.662
489	3	48608.398
490	1	86230.64
490	2	86387.707
490	3	86435.775
491	1	83873.059
491	2	85695.206
491	3	85437.501
492	1	85237.096
492	2	84993.153
492	3	86311.495
493	1	86212.788
493	2	86389.584
493	3	86420.562
494	1	85436.735
494	2	85273.375
494	3	84055.673
495	1	86357.313
495	2	86289.574
495	3	86410.575
496	1	70599.708
496	2	72287.792
496	3	72916.319
497	1	74249.166
497	2	75011.32
497	3	73566.551
498	1	80897.322
498	2	80461.586
498	3	82744.415
499	1	83893.659
499	2	85157.801
499	3	83711.557
500	1	86248.003
500	2	86384.12
500	3	86426.183
501	1	73850.055
501	2	73566.814
501	3	73738.618
502	1	83279.383
502	2	83399.301
502	3	83714.492
503	1	80949.627
503	2	80885.779
503	3	78803.249
504	1	86345.274
504	2	86347.735
504	3	85451.443
505	1	85728.71
505	2	85676.942
505	3	85097.559
506	1	85349.153
506	2	84954.41
506	3	85526.558
507	1	86398.744
507	2	86379.338
507	3	86415.226
508	1	82130.435
508	2	82878.7692
508	3	82315.522
509	1	84671.948
509	2	86590.268
509	3	85106.582
510	1	74577.342
510	2	74273.016
510	3	73316.019
511	1	85847.901
511	2	85222.821
511	3	86412.42
512	1	86427.57
512	2	86005.083
512	3	86416.942
513	1	84557.977
513	2	83619.018
513	3	83666.049
514	1	85768.764
514	2	85173.049
514	3	85089.785
515	1	85076.243
515	2	85956.014
515	3	85042.832
516	1	86516.942
516	2	86856.564
516	3	86414.965
517	1	60324.354
517	2	59843.145
517	3	58606.2435
518	1	85963.293
518	2	85879.582
518	3	85018.074
519	1	85320.993
519	2	86080.076
519	3	84446.072
520	1	85134.741
520	2	85710.94
520	3	83913.735
521	1	85888.135
521	2	84346.399
521	3	84148.457
522	1	82984.287
522	2	84432.398
522	3	80455.571
523	1	84732.53
523	2	85057.006
523	3	85885.018
524	1	73488.911
524	2	73940.438
524	3	72499.927
525	1	86541.386
525	2	85859.03
525	3	86412.384
526	1	85329.811
526	2	86539.377
526	3	85112.944
527	1	84562.675
527	2	84280.55
527	3	86200.468
528	1	86011.389
528	2	85769.086
528	3	86400.727
529	1	40744.604
529	2	41519.649
529	3	45188.58
530	1	80079.386
530	2	81453.389
530	3	77941.645
531	1	71630.718
531	2	71460.537
531	3	70005.8
532	1	82988.61
532	2	83540.906
532	3	83871.982
533	1	85391.201
533	2	85670.385
533	3	84129.956
534	1	71612.495
534	2	72098.718
534	3	74381.213
535	1	81747.279
535	2	82394.285
535	3	81425.306
536	1	59687.906
536	2	59222.757
536	3	61055.129
537	1	57357.118
537	2	57959.019
537	3	57930.959
538	1	50284.649
538	2	51279.915
538	3	47766.335
539	1	82061.9
539	2	81973.209
539	3	80553.935
540	1	69387.433
540	2	70022.556
540	3	68085.334
541	1	84279.11
541	2	84835.403
541	3	85103.369
542	1	85789.88
542	2	84842.93
542	3	83200.505
543	1	85801.309
543	2	86400.447
543	3	86507.223
544	1	598.089
544	2	1039.873
544	3	909.852
545	1	56366.62
545	2	55844.925
545	3	55235.053
546	1	85375.278
546	2	86255.074
546	3	85108.011
547	1	83032.24
547	2	84842.11
547	3	83139.276
548	1	84705.265
548	2	84944.93
548	3	83946.347
549	1	85063.529
549	2	85633.454
549	3	85110.149
550	1	85264.553
550	2	86091.12
550	3	85744.785
551	1	86691.494
551	2	86512.69
551	3	85433.708
552	1	71670.1
552	2	72210.857
552	3	71913.719
553	1	86057.684
553	2	86363.676
553	3	86420.534
554	1	83115.487
554	2	83408.387
554	3	81520.949
555	1	84839.198
555	2	85009.391
555	3	85731.162
556	1	84360.107
556	2	84882.021
556	3	84131.349
557	1	82202.233
557	2	83095.66
557	3	82670.54
558	1	84272.533
558	2	85677.942
558	3	85116.454
559	1	69427.62
559	2	70815.822
559	3	70617.825
560	1	84311.049
560	2	84317.357
560	3	85110.718
561	1	86730.534
561	2	84292.818
561	3	86426.503
562	1	83130.893
562	2	85398.334
562	3	85008.771
563	1	85439.235
563	2	84936.48
563	3	84115.558
564	1	83173.176
564	2	83553.854
564	3	83908.964
565	1	84154.056
565	2	84904.823
565	3	84354.063
566	1	73401.416
566	2	73205.366
566	3	73312.692
567	1	84172.972
567	2	84040.159
567	3	85107.511
568	1	84180.081
568	2	82716.247
568	3	82504.268
569	1	84000.725
569	2	86105.56
569	3	85330.597
570	1	84251.561
570	2	84918.499
570	3	84117.548
571	1	84487.695
571	2	82765.466
571	3	84580.079
572	1	85282.167
572	2	85588.837
572	3	86411.844
573	1	60313.323
573	2	58733.175
573	3	59811.115
574	1	72857.041
574	2	73674.448
574	3	75610.681
575	1	84151.126
575	2	84838.205
575	3	85020.643
576	1	82961.0
576	2	83146.796
576	3	82335.66
577	1	85902.366
577	2	84777.432
577	3	86425.365
578	1	84887.311
578	2	85697.106
578	3	85841.047
579	1	86467.195
579	2	85562.425
579	3	86409.554
580	1	68079.447
580	2	69206.826
580	3	64476.152
581	1	84820.777
581	2	84042.975
581	3	83796.212
582	1	73449.548
582	2	74347.42
582	3	72052.934
583	1	83439.299
583	2	85328.121
583	3	84222.223
584	1	85927.922
584	2	86338.153
584	3	86426.278
585	1	82095.369
585	2	81537.712
585	3	80996.568
586	1	85919.797
586	2	86327.251
586	3	85168.377
587	1	72124.718
587	2	71133.095
587	3	71714.177
588	1	85495.818
588	2	85222.288
588	3	85754.778
589	1	85501.259
589	2	85230.874
589	3	86643.353
590	1	84234.527
590	2	85332.476
590	3	85017.98
591	1	86646.827
591	2	85784.434
591	3	86424.281
592	1	83708.579
592	2	83696.566
592	3	83870.933
593	1	69965.386
593	2	71548.421
593	3	69647.512
594	1	4022.498
594	2	3814.144
594	3	3918.579
596	1	54919.796
596	2	55000.959
596	3	53927.981
597	1	85305.864
597	2	85158.799
597	3	85070.598
598	1	84792.014
598	2	85068.82
598	3	86937.633
599	1	80519.002
599	2	80910.017
599	3	78415.097
600	1	86003.641
600	2	85467.821
600	3	85116.79
601	1	3887.452
601	2	4070.287
601	3	4702.891
602	1	80619.424
602	2	80987.133
602	3	80117.006
603	1	84884.709
603	2	85476.851
603	3	85107.698
604	1	86445.142
604	2	85175.69
604	3	86694.263
605	1	85502.874
605	2	86403.519
605	3	85415.81
606	1	84826.266
606	2	85342.206
606	3	84758.566
607	1	84215.349
607	2	85542.186
607	3	83821.451
608	1	75415.027
608	2	76623.153
608	3	75200.981
609	1	80305.7
609	2	81069.329
609	3	79242.595
610	1	83749.077
610	2	84004.426
610	3	82911.03
611	1	86374.19
611	2	85700.672
611	3	86278.136
612	1	84942.379
612	2	86212.915
612	3	85121.887
613	1	85171.844
613	2	85852.718
613	3	85747.431
614	1	85541.03
614	2	86910.912
614	3	86414.611
615	1	74247.555
615	2	74063.136
615	3	75226.308
616	1	86802.321
616	2	85364.375
616	3	86424.665
617	1	85625.259
617	2	83987.273
617	3	85415.936
618	1	84393.483
618	2	85380.668
618	3	84452.125
619	1	84977.554
619	2	85564.378
619	3	86418.417
620	1	85026.646
620	2	85269.548
620	3	85870.638
621	1	83852.767
621	2	82537.848
621	3	81114.175
622	1	74646.355
622	2	74494.518
622	3	73107.852
623	1	84537.338
623	2	84939.403
623	3	85115.439
624	1	80051.936
624	2	79807.327
624	3	77682.899
625	1	85625.466
625	2	85742.376
625	3	86327.039
626	1	84254.423
626	2	82670.035
626	3	85111.448
627	1	84891.498
627	2	85570.565
627	3	85085.3
628	1	84341.559
628	2	85759.24
628	3	83715.304
629	1	60294.811
629	2	59539.783
629	3	59488.47
630	1	85380.946
630	2	85618.243
630	3	86416.951
631	1	86006.535
631	2	84123.49
631	3	85105.552
632	1	84834.327
632	2	86740.412
632	3	84438.153
633	1	85963.622
633	2	85581.348
633	3	86420.454
634	1	85957.872
634	2	83526.021
634	3	86833.061
635	1	84808.998
635	2	84686.118
635	3	83816.167
636	1	65700.014
636	2	65444.37
636	3	65857.862
637	1	83162.773
637	2	86143.59
637	3	85428.804
638	1	86608.317
638	2	85104.295
638	3	86425.823
639	1	84525.261
639	2	84432.632
639	3	82398.331
640	1	85025.105
640	2	84782.175
640	3	85108.32
641	1	53288.463
641	2	52292.185
641	3	55923.378
642	1	85012.791
642	2	86089.814
642	3	86415.888
643	1	74223.423
643	2	74674.243
643	3	72803.602
644	1	84984.839
644	2	85502.367
644	3	85112.172
645	1	85116.997
645	2	85493.773
645	3	86416.095
646	1	83431.9639
646	2	86393.51
646	3	85977.321
647	1	85752.276
647	2	85675.241
647	3	85444.499
648	1	84514.993
648	2	84091.593
648	3	83841.786
649	1	85135.338
649	2	84099.016
649	3	84135.523
650	1	75042.607
650	2	74904.768
650	3	76472.939
651	1	84478.722
651	2	85383.133
651	3	85108.97
652	1	84685.829
652	2	85827.917
652	3	86410.118
653	1	84047.898
653	2	85097.309
653	3	84699.653
654	1	85361.154
654	2	86205.941
654	3	83802.136
655	1	83601.986
655	2	83307.081
655	3	85347.562
656	1	86605.665
656	2	85607.705
656	3	86424.917
657	1	60567.264
657	2	62113.658
657	3	61083.614
658	1	84773.033
658	2	86431.453
658	3	85111.504
659	1	85687.862
659	2	86373.854
659	3	85109.152
660	1	84144.464
660	2	84142.944
660	3	85683.547
661	1	84148.89
661	2	84142.679
661	3	85099.493
662	1	85391.055
662	2	85173.833
662	3	85915.93
663	1	66901.502
663	2	65575.919
663	3	63552.038
664	1	66016.896
664	2	68299.498
664	3	66221.688
665	1	84806.239
665	2	85105.261
665	3	84323.342
666	1	84181.941
666	2	85036.465
666	3	84305.04
667	1	75192.981
667	2	75334.848
667	3	74017.089
668	1	81702.722
668	2	80581.281
668	3	81208.522
669	1	84792.72
669	2	85540.53
669	3	85018.927
670	1	83816.491
670	2	84987.017
670	3	86422.192
671	1	70158.081
671	2	73502.091
671	3	73222.538
672	1	85784.921
672	2	85811.896
672	3	86422.375
673	1	85221.972
673	2	85106.559
673	3	84106.858
674	1	79222.646
674	2	78568.91
674	3	81681.853
675	1	84241.933
675	2	84131.066
675	3	81496.192
676	1	84178.487
676	2	83389.704
676	3	84691.12
677	1	86618.515
677	2	86330.917
677	3	86421.255
678	1	74137.198
678	2	73848.206
678	3	73132.924
679	1	83671.613
679	2	84850.35
679	3	82809.154
680	1	84939.859
680	2	85609.662
680	3	85105.482
681	1	86034.417
681	2	84857.833
681	3	85735.98
682	1	81977.991
682	2	79875.67
682	3	81503.332
683	1	60773.042
683	2	61096.22
683	3	60495.701
684	1	83744.063
684	2	83390.341
684	3	82559.567
685	1	50219.234
685	2	51252.675
685	3	50321.662
686	1	78480.462
686	2	79436.125
686	3	76722.156
687	1	85570.51
687	2	86468.459
687	3	85638.06
688	1	84434.235
688	2	84579.867
688	3	84331.578
689	1	84425.093
689	2	86463.811
689	3	84130.922
690	1	83592.141
690	2	84303.088
690	3	83711.871
691	1	84488.129
691	2	84358.743
691	3	86415.196
692	1	60201.586
692	2	61297.034
692	3	61320.077
693	1	70053.856
693	2	70026.524
693	3	71022.254
694	1	77091.41
694	2	76955.298
694	3	73272.764
695	1	79368.5
695	2	79172.112
695	3	77725.389
696	1	79506.497
696	2	80539.66
696	3	78806.373
697	1	85545.987
697	2	84842.557
697	3	84831.191
698	1	83673.534
698	2	84281.578
698	3	81511.905
699	1	73828.343
699	2	74036.484
699	3	73845.945
700	1	86071.817
700	2	84238.394
700	3	85107.797
701	1	84224.435
701	2	84884.832
701	3	83794.698
702	1	85397.115
702	2	85568.38
702	3	85440.621
703	1	81723.445
703	2	81773.971
703	3	81502.648
704	1	85187.46
704	2	84992.742
704	3	85249.61
705	1	85429.058
705	2	86360.478
705	3	85444.71
706	1	74077.996
706	2	73473.145
706	3	74957.757
707	1	86075.9
707	2	85682.22
707	3	85106.897
708	1	85455.953
708	2	86588.067
708	3	86426.939
709	1	85740.049
709	2	85343.989
709	3	85990.507
710	1	84805.648
710	2	83496.098
710	3	84123.797
711	1	82641.228
711	2	84074.772
711	3	81100.915
712	1	85430.515
712	2	85668.332
712	3	86419.289
713	1	60347.683
713	2	60633.488
713	3	61919.011
714	1	85539.078
714	2	84252.321
714	3	85096.37
715	1	86130.209
715	2	86457.192
715	3	85474.924
716	1	84737.707
716	2	85033.472
716	3	85841.385
717	1	84106.545
717	2	85079.682
717	3	82456.595
718	1	58396.639
718	2	57630.72
718	3	57209.668
721	1	56379.096
721	2	55237.738
721	3	56297.599
722	1	85377.123
722	2	86583.698
722	3	85102.252
723	1	85664.994
723	2	85337.753
723	3	85034.922
724	1	85178.543
724	2	83465.754
724	3	86416.007
725	1	85512.215
725	2	85619.352
725	3	84718.468
726	1	85968.22
726	2	86472.138
726	3	86418.175
727	1	72987.148
727	2	73231.653
727	3	72532.633
728	1	86174.53
728	2	84284.107
728	3	86416.935
729	1	84372.416
729	2	85708.098
729	3	85101.954
730	1	85408.88
730	2	86442.832
730	3	86011.871
731	1	86627.916
731	2	84923.923
731	3	86414.124
732	1	84915.876
732	2	84919.711
732	3	84316.506
733	1	86075.589
733	2	84978.526
733	3	85096.337
734	1	73926.763
734	2	73609.33
734	3	74131.617
735	1	85470.297
735	2	86591.41
735	3	86419.428
736	1	86063.183
736	2	85043.081
736	3	86419.129
737	1	84864.37
737	2	85798.207
737	3	85028.805
738	1	82537.144
738	2	83749.751
738	3	82610.408
739	1	83846.642
739	2	83690.427
739	3	82397.486
740	1	85699.217
740	2	86589.013
740	3	85102.71
741	1	29792.493
741	2	30077.527
741	3	29779.486
742	1	85021.016
742	2	85749.919
742	3	83716.602
743	1	75182.208
743	2	74623.393
743	3	75614.379
744	1	83866.794
744	2	84428.558
744	3	83099.811
745	1	81173.72
745	2	83274.236
745	3	82819.712
746	1	83936.762
746	2	84303.187
746	3	83715.857
747	1	86237.195
747	2	85944.683
747	3	86415.454
748	1	69905.141
748	2	70185.238
748	3	68899.466
749	1	86524.069
749	2	86668.456
749	3	86418.201
750	1	85335.235
750	2	85118.973
750	3	85107.383
751	1	8400.849
751	2	8951.131
751	3	9674.296
758	1	80757.52
758	2	81083.119
758	3	79175.006
759	1	84950.671
759	2	85627.993
759	3	86411.288
760	1	85448.104
760	2	85785.32
760	3	85710.957
761	1	86304.878
761	2	85658.989
761	3	86422.237
762	1	77790.094
762	2	78649.39
762	3	77976.489
763	1	86803.713
763	2	85517.174
763	3	86415.671
764	1	85602.543
764	2	85687.63
764	3	85103.903
765	1	85428.392
765	2	86380.021
765	3	85991.495
766	1	86239.864
766	2	84950.779
766	3	85097.0
767	1	83267.895
767	2	83410.173
767	3	83257.918
768	1	82937.602
768	2	84970.34
768	3	86421.253
769	1	72708.298
769	2	74510.512
769	3	71415.202
770	1	82298.597
770	2	83481.647
770	3	81511.87
771	1	86458.8
771	2	86414.516
771	3	86419.441
772	1	85772.611
772	2	86188.006
772	3	86324.368
773	1	86290.688
773	2	86482.936
773	3	86430.714
774	1	85131.182
774	2	85523.824
774	3	83744.223
775	1	82734.542
775	2	82648.52
775	3	82251.874
776	1	57859.205
776	2	58288.855
776	3	58836.626
777	1	86874.376
777	2	86293.727
777	3	86423.719
778	1	86087.268
778	2	86365.016
778	3	86423.256
779	1	86133.283
779	2	86562.339
779	3	86864.591
780	1	86116.583
780	2	86319.768
780	3	86408.703
781	1	86419.737
781	2	85514.068
781	3	84827.675
782	1	86227.763
782	2	84231.717
782	3	86412.288
783	1	78658.827
783	2	79467.583
783	3	79006.054
784	1	86851.59
784	2	86442.218
784	3	86409.347
785	1	85667.313
785	2	85822.152
785	3	85452.315
786	1	84644.371
786	2	84667.734
786	3	85051.333
787	1	86235.347
787	2	86507.42
787	3	86418.537
788	1	84947.423
788	2	84586.025
788	3	84114.339
789	1	85754.743
789	2	87111.039
789	3	86419.683
790	1	69031.099
790	2	69849.055
790	3	69455.385
791	1	86728.183
791	2	85726.156
791	3	86426.539
792	1	86168.974
792	2	86495.84
792	3	86420.035
793	1	86033.606
793	2	86139.705
793	3	86072.094
794	1	86739.338
794	2	86458.316
794	3	86421.426
795	1	85853.497
795	2	86111.065
795	3	84916.999
796	1	86112.595
796	2	86451.51
796	3	85464.051
797	1	79464.195
797	2	79592.633
797	3	78942.911
798	1	82529.795
798	2	82684.677
798	3	82402.354
799	1	76752.462
799	2	77490.194
799	3	76520.383
800	1	83683.056
800	2	83781.469
800	3	84082.992
801	1	85136.399
801	2	86477.388
801	3	85446.83
802	1	29324.641
802	2	29843.774
802	3	27866.664
803	1	85576.819
803	2	86505.657
803	3	86412.268
804	1	61351.256
804	2	60972.137
804	3	62333.467
805	1	85529.203
805	2	84853.983
805	3	84408.424
806	1	86187.462
806	2	85679.26
806	3	85097.34
807	1	84398.997
807	2	86224.801
807	3	85508.462
808	1	86712.242
808	2	86462.271
808	3	86416.409
809	1	86314.542
809	2	85798.009
809	3	87153.485
810	1	86248.191
810	2	85677.206
810	3	86412.404
811	1	78174.267
811	2	78630.363
811	3	78043.742
812	1	86867.6
812	2	86315.77
812	3	86419.035
813	1	86309.526
813	2	86275.111
813	3	86422.174
814	1	85870.903
814	2	86630.479
814	3	86173.231
815	1	86262.219
815	2	86194.673
815	3	86412.164
816	1	85915.216
816	2	85755.739
816	3	85898.478
817	1	85091.624
817	2	85467.474
817	3	83778.769
818	1	70042.598
818	2	69865.887
818	3	68508.168
819	1	77044.057
819	2	78856.589
819	3	79217.274
820	1	71890.394
820	2	73561.035
820	3	75011.382
821	1	83310.156
821	2	84772.281
821	3	83773.714
822	1	86764.068
822	2	86267.348
822	3	86427.309
823	1	85638.213
823	2	86105.835
823	3	85976.23
824	1	86816.433
824	2	86266.964
824	3	86422.123
825	1	77354.786
825	2	78703.458
825	3	77181.022
826	1	84855.06
826	2	85519.729
826	3	85472.543
827	1	85725.424
827	2	85541.271
827	3	86421.618
828	1	86251.425
828	2	86297.776
828	3	86793.58
829	1	86494.5
829	2	85943.081
829	3	86416.496
830	1	85904.008
830	2	86121.435
830	3	85873.846
831	1	83107.767
831	2	84175.074
831	3	83193.457
832	1	60922.402
832	2	62482.87
832	3	62636.624
833	1	85591.491
833	2	86468.534
833	3	86425.755
834	1	86828.141
834	2	85743.907
834	3	86416.416
835	1	84149.161
835	2	85060.181
835	3	83891.171
836	1	85625.718
836	2	85471.366
836	3	85097.603
837	1	69726.226
837	2	70134.445
837	3	73873.168
838	1	85703.885
838	2	86372.529
838	3	86416.7
839	1	70432.748
839	2	69195.038
839	3	70935.934
840	1	85631.638
840	2	86306.347
840	3	86424.918
841	1	86344.646
841	2	85690.489
841	3	85098.091
842	1	83993.596
842	2	84583.625
842	3	85020.04
843	1	85804.316
843	2	85736.914
843	3	85454.077
844	1	83938.403
844	2	85492.686
844	3	84321.947
845	1	86356.085
845	2	86394.765
845	3	86420.431
846	1	72440.542
846	2	72715.871
846	3	71301.902
847	1	86310.365
847	2	86387.532
847	3	86439.615
848	1	80256.789
848	2	80276.212
848	3	78215.625
849	1	83504.291
849	2	82542.649
849	3	83868.922
850	1	83271.58
850	2	80349.545
850	3	84130.935
851	1	85952.984
851	2	86211.688
851	3	85798.217
852	1	86302.657
852	2	85760.467
852	3	86417.03
853	1	78035.389
853	2	78058.041
853	3	77177.737
854	1	81385.362
854	2	83309.737
854	3	81514.862
855	1	85497.971
855	2	84812.535
855	3	83169.93
856	1	81320.884
856	2	80989.911
856	3	79453.984
857	1	86664.19
857	2	86236.839
857	3	86421.618
858	1	84165.224
858	2	84731.813
858	3	84530.93
859	1	84846.247
859	2	85657.353
859	3	86412.67
860	1	62174.346
860	2	62509.0
860	3	62890.538
861	1	42180.326
861	2	42439.238
861	3	43208.615
862	1	63201.399
862	2	62503.072
862	3	62111.712
863	1	74254.92
863	2	74419.325
863	3	73670.449
864	1	33699.836
864	2	33423.797
864	3	29885.042
865	1	67918.733
865	2	69194.488
865	3	65732.078
866	1	24607.395
866	2	25310.976
866	3	22526.558
867	1	62562.644
867	2	63176.169
867	3	61773.041
868	1	84060.894
868	2	83167.58
868	3	86418.643
869	1	85371.145
869	2	87017.42
869	3	86414.458
870	1	80796.32
870	2	80826.149
870	3	81117.745
871	1	82418.622
871	2	81805.797
871	3	81508.995
872	1	69085.606
872	2	69290.371
872	3	68307.798
873	1	86480.331
873	2	85501.652
873	3	86420.466
874	1	64109.173
874	2	64516.408
874	3	63716.211
875	1	80458.995
875	2	80583.628
875	3	80536.126
876	1	83431.702
876	2	83299.786
876	3	82972.727
877	1	84611.033
877	2	86235.712
877	3	85511.757
878	1	9595.444
878	2	9669.899
878	3	9475.847
879	1	83910.258
879	2	84023.811
879	3	83712.51
880	1	86397.537
880	2	86264.607
880	3	86421.279
881	1	74236.968
881	2	73956.921
881	3	72360.599
882	1	85861.784
882	2	85684.79
882	3	86415.477
883	1	85785.81
883	2	85620.874
883	3	86419.899
884	1	84983.452
884	2	86335.4
884	3	85652.665
885	1	86838.117
885	2	85568.474
885	3	86421.149
886	1	85493.047
886	2	85514.265
886	3	84660.511
887	1	63420.66
887	2	64645.96
887	3	66138.812
888	1	56447.829
888	2	56497.877
888	3	54906.169
889	1	83110.237
889	2	83215.646
889	3	82370.046
890	1	82743.883
890	2	84720.915
890	3	86410.896
891	1	82138.0716
891	2	85781.458
891	3	84857.153
892	1	86766.111
892	2	86865.201
892	3	86419.103
893	1	83788.517
893	2	85060.996
893	3	86762.814
894	1	86731.677
894	2	86264.696
894	3	86411.803
895	1	76502.349
895	2	75137.155
895	3	77836.942
896	1	86109.83
896	2	86912.023
896	3	86418.925
897	1	86050.432
897	2	85311.572
897	3	85092.425
898	1	38685.966
898	2	38936.302
898	3	38558.448
899	1	63142.697
899	2	63092.684
899	3	62111.301
900	1	85229.126
900	2	84782.829
900	3	84627.721
901	1	85200.383
901	2	85234.354
901	3	86411.423
902	1	56370.197
902	2	56434.839
902	3	57554.624
903	1	86217.71
903	2	86048.641
903	3	86430.124
904	1	85581.178
904	2	85297.86
904	3	83758.736
905	1	82689.698
905	2	82605.715
905	3	83697.444
906	1	86334.834
906	2	86063.09
906	3	86418.746
907	1	85955.866
907	2	85958.741
907	3	85769.68
908	1	85705.277
908	2	85282.305
908	3	85096.249
909	1	76197.768
909	2	75787.864
909	3	76026.825
910	1	85243.867
910	2	85988.725
910	3	83761.561
911	1	85324.309
911	2	86013.943
911	3	86420.081
912	1	85231.515
912	2	83851.655
912	3	86514.622
913	1	84230.663
913	2	86113.315
913	3	84525.582
914	1	83504.44
914	2	84310.649
914	3	83455.392
915	1	85401.704
915	2	84694.021
915	3	86413.414
916	1	62367.576
916	2	63019.676
916	3	63445.919
917	1	79737.488
917	2	78594.418
917	3	78905.434
919	1	71982.331
919	2	71332.386
919	3	69443.97
920	1	85457.857
920	2	84727.235
920	3	85083.028
921	1	85491.943
921	2	86057.566
921	3	85059.43
922	1	83510.766
922	2	83952.132
922	3	82826.108
923	1	78024.047
923	2	78018.287
923	3	76515.996
924	1	85268.677
924	2	86116.66
924	3	84154.716
925	1	83430.308
925	2	83217.668
925	3	85075.818
926	1	82510.83
926	2	80950.507
926	3	84555.212
927	1	86952.566
927	2	86804.32
927	3	84533.846
928	1	85853.965
928	2	85222.901
928	3	85433.277
929	1	86155.204
929	2	84724.672
929	3	85486.075
930	1	71159.382
930	2	72567.396
930	3	70907.72
931	1	85740.167
931	2	86328.415
931	3	86419.713
932	1	86361.352
932	2	86365.831
932	3	85468.638
933	1	85508.969
933	2	85321.41
933	3	85935.912
934	1	84521.785
934	2	85663.552
934	3	85036.158
935	1	84647.577
935	2	84723.595
935	3	84295.657
936	1	86235.136
936	2	86342.742
936	3	86418.338
937	1	75098.148
937	2	74675.865
937	3	74888.629
938	1	86289.01
938	2	85678.606
938	3	86415.481
939	1	86247.219
939	2	86333.156
939	3	86422.797
940	1	84837.629
940	2	84713.39
940	3	85084.493
941	1	84334.569
941	2	86082.176
941	3	86416.407
942	1	84853.31
942	2	85732.903
942	3	84087.41
943	1	84904.404
943	2	85443.433
943	3	82415.396
944	1	55573.415
944	2	55465.076
944	3	54605.151
945	1	86199.63
945	2	85486.664
945	3	86417.203
946	1	85635.717
946	2	86220.34
946	3	86416.806
947	1	85996.585
947	2	85709.014
947	3	85805.855
948	1	86628.639
948	2	86899.275
948	3	86426.593
949	1	85483.347
949	2	85396.479
949	3	85835.257
950	1	85546.864
950	2	84636.653
950	3	86422.014
951	1	70221.454
951	2	70142.687
951	3	71571.082
952	1	85478.057
952	2	85282.44
952	3	85080.055
953	1	85460.559
953	2	86791.776
953	3	86413.045
954	1	82560.105
954	2	80483.296
954	3	83719.493
955	1	86727.519
955	2	86140.499
955	3	86410.512
956	1	85346.128
956	2	84710.014
956	3	83829.308
957	1	85590.63
957	2	86137.765
957	3	84550.081
958	1	3146.183
958	2	3930.06
958	3	3341.865
960	1	83107.603
960	2	85436.508
960	3	81505.485
961	1	86103.285
961	2	85777.721
961	3	86177.862
962	1	86618.471
962	2	86159.213
962	3	86423.012
963	1	85947.527
963	2	86196.488
963	3	86000.639
964	1	86245.899
964	2	86322.544
964	3	85477.64
965	1	77906.587
965	2	78670.938
965	3	76913.53
966	1	85694.803
966	2	86264.183
966	3	84546.039
967	1	85754.469
967	2	86236.934
967	3	85080.542
968	1	76750.586
968	2	78842.828
968	3	77450.267
969	1	86727.557
969	2	86262.672
969	3	86413.383
970	1	85654.051
970	2	86227.864
970	3	86349.199
971	1	86347.615
971	2	83950.92
971	3	86411.415
972	1	54935.42
972	2	55714.842
972	3	55556.036
973	1	85795.116
973	2	86107.953
973	3	86417.385
974	1	85798.49
974	2	84594.901
974	3	86416.813
975	1	86304.129
975	2	85702.612
975	3	85431.7
976	1	85715.131
976	2	85525.837
976	3	86424.097
977	1	86318.673
977	2	86122.871
977	3	86836.182
978	1	86440.666
978	2	84567.728
978	3	86415.953
979	1	4201.791
979	2	4802.071
979	3	3565.693
982	1	80799.84
982	2	80961.268
982	3	80112.288
983	1	85023.61
983	2	86394.9
983	3	85484.553
984	1	84912.217
984	2	85306.011
984	3	84834.141
985	1	86669.866
985	2	86233.822
985	3	86418.76
986	1	77644.802
986	2	78808.912
986	3	77560.705
987	1	85144.668
987	2	85575.813
987	3	86423.685
988	1	84572.339
988	2	87062.577
988	3	85078.975
989	1	85371.196
989	2	85242.6
989	3	84648.732
990	1	86348.627
990	2	86371.723
990	3	86416.415
991	1	85535.874
991	2	84531.68
991	3	84991.04
992	1	85791.572
992	2	86425.495
992	3	85481.358
993	1	78389.764
993	2	78669.536
993	3	78439.405
994	1	85960.404
994	2	85053.829
994	3	85092.884
995	1	86025.084
995	2	85750.154
995	3	86415.482
996	1	4213.674
996	2	4316.269
996	3	3166.685
1000	1	54476.669
1000	2	53672.479
1000	3	53569.582
1001	1	85011.693
1001	2	86338.037
1001	3	85080.709
1002	1	86759.183
1002	2	86399.126
1002	3	86417.157
1003	1	83255.332
1003	2	84857.785
1003	3	84032.66
1004	1	86447.684
1004	2	86383.796
1004	3	86421.531
1005	1	85569.391
1005	2	85635.706
1005	3	84904.276
1006	1	86523.839
1006	2	85770.246
1006	3	86424.931
1007	1	77536.558
1007	2	77295.747
1007	3	77670.572
1008	1	84785.635
1008	2	86522.317
1008	3	86415.112
1009	1	85451.105
1009	2	86552.325
1009	3	86422.457
1010	1	73775.263
1010	2	72791.023
1010	3	72164.208
1011	1	84257.17
1011	2	85124.858
1011	3	83743.138
1012	1	86086.606
1012	2	86389.321
1012	3	85375.353
1013	1	85982.652
1013	2	85837.652
1013	3	86411.669
1014	1	77166.42
1014	2	76826.534
1014	3	76778.146
1015	1	85237.882
1015	2	85110.744
1015	3	85090.276
1016	1	85909.99
1016	2	85858.567
1016	3	86425.05
1017	1	85808.876
1017	2	86700.3455
1017	3	85436.29
1018	1	85470.789
1018	2	85943.2
1018	3	85485.662
1019	1	85796.683
1019	2	85913.832
1019	3	85829.557
1020	1	85797.917
1020	2	85771.127
1020	3	85046.212
1021	1	77961.476
1021	2	76736.095
1021	3	78641.726
1022	1	85983.072
1022	2	85800.604
1022	3	86422.615
1023	1	85398.221
1023	2	85841.432
1023	3	85472.814
1024	1	84214.994
1024	2	86343.413
1024	3	85475.663
1025	1	85906.666
1025	2	85828.533
1025	3	85482.343
1026	1	85905.647
1026	2	85952.977
1026	3	85345.846
1027	1	85895.191
1027	2	85952.411
1027	3	85089.865
1028	1	60052.225
1028	2	60382.34
1028	3	59844.82
1029	1	85911.689
1029	2	85870.967
1029	3	85082.067
1030	1	85971.996
1030	2	85893.235
1030	3	86416.824
1031	1	85597.499
1031	2	85114.278
1031	3	85037.383
1032	1	33121.454
1032	2	32823.997
1032	3	35075.92
1033	1	83732.652
1033	2	85737.298
1033	3	87083.718
1034	1	86082.826
1034	2	84274.42
1034	3	86249.694
1035	1	76459.579
1035	2	76614.187
1035	3	77855.695
1036	1	86146.854
1036	2	86514.213
1036	3	84150.386
1037	1	79206.039
1037	2	79725.806
1037	3	81884.875
1038	1	84632.722
1038	2	84030.799
1038	3	83911.829
1039	1	86275.368
1039	2	86400.937
1039	3	85483.33
1040	1	85682.393
1040	2	85978.894
1040	3	85674.448
1041	1	86482.195
1041	2	85710.238
1041	3	85477.723
1042	1	77137.959
1042	2	78235.376
1042	3	76912.257
1043	1	86237.191
1043	2	85674.999
1043	3	86421.741
1044	1	77220.352
1044	2	78297.707
1044	3	77880.063
1045	1	83341.315
1045	2	82011.07
1045	3	83712.239
1046	1	86219.632
1046	2	86513.449
1046	3	86420.304
1047	1	84044.311
1047	2	84237.7792
1047	3	82835.82
1048	1	85670.885
1048	2	84225.073
1048	3	85077.012
1049	1	76535.087
1049	2	76062.189
1049	3	77593.651
1050	1	85591.984
1050	2	84866.481
1050	3	86419.48
1051	1	86168.126
1051	2	86228.716
1051	3	86414.619
1052	1	84975.765
1052	2	85847.99
1052	3	84415.941
1053	1	85115.615
1053	2	85571.396
1053	3	85093.603
1054	1	83291.527
1054	2	82349.819
1054	3	83140.197
1055	1	85671.925
1055	2	87046.087
1055	3	85488.72
1056	1	61837.115
1056	2	61683.684
1056	3	62339.434
1057	1	84497.847
1057	2	82515.966
1057	3	85477.732
1058	1	84468.119
1058	2	84736.896
1058	3	85489.678
1059	1	75358.368
1059	2	74252.718
1059	3	74875.878
1060	1	81628.33
1060	2	81411.37
1060	3	81616.573
1061	1	85879.568
1061	2	85877.899
1061	3	86006.569
1062	1	85917.14
1062	2	86608.666
1062	3	86421.673
1063	1	78046.065
1063	2	77808.288
1063	3	75569.757
1064	1	85945.231
1064	2	86253.942
1064	3	86423.897
1065	1	85475.184
1065	2	86267.246
1065	3	85086.244
1066	1	76793.86
1066	2	76509.86
1066	3	77449.204
1067	1	85295.566
1067	2	84945.773
1067	3	84264.879
1068	1	85385.022
1068	2	85202.813
1068	3	84479.486
1069	1	85841.233
1069	2	86975.912
1069	3	86520.78
1070	1	65551.666
1070	2	64930.578
1070	3	66400.364
1071	1	86525.644
1071	2	85741.38
1071	3	85987.475
1072	1	79757.098
1072	2	79839.011
1072	3	78668.586
1073	1	86580.111
1073	2	86202.269
1073	3	86918.804
1074	1	84752.766
1074	2	85505.156
1074	3	84219.713
1075	1	85878.893
1075	2	84719.498
1075	3	85494.64
1076	1	85350.237
1076	2	86600.876
1076	3	86417.338
1077	1	74068.712
1077	2	75098.652
1077	3	74401.602
1078	1	85223.746
1078	2	85860.612
1078	3	86418.536
1079	1	49555.163
1079	2	47892.653
1079	3	48500.443
1080	1	85098.568
1080	2	83688.313
1080	3	85036.303
1081	1	84524.876
1081	2	85877.638
1081	3	85089.843
1082	1	85800.889
1082	2	86376.249
1082	3	86377.837
1083	1	85797.894
1083	2	85022.515
1083	3	84529.4
1084	1	74115.881
1084	2	75108.546
1084	3	73683.682
1085	1	85869.961
1085	2	86417.861
1085	3	86413.643
1086	1	85847.336
1086	2	85652.434
1086	3	86422.414
1087	1	54309.835
1087	2	54761.136
1087	3	54699.86
1088	1	65346.323
1088	2	66005.238
1088	3	63079.925
1089	1	83844.298
1089	2	83784.22
1089	3	82363.797
1090	1	84275.739
1090	2	84062.412
1090	3	85088.116
1091	1	61595.252
1091	2	61468.785
1091	3	61254.982
1092	1	85924.961
1092	2	86878.991
1092	3	85622.594
1093	1	85376.567
1093	2	84784.622
1093	3	86430.134
1094	1	86351.665
1094	2	86125.85
1094	3	85238.52
1095	1	85893.591
1095	2	85530.332
1095	3	85087.229
1096	1	85405.624
1096	2	85492.503
1096	3	85877.939
1097	1	85228.963
1097	2	85466.966
1097	3	85088.552
1098	1	77790.182
1098	2	77727.462
1098	3	76511.306
1099	1	85813.178
1099	2	86442.353
1099	3	85478.885
1100	1	85293.574
1100	2	85617.091
1100	3	85474.099
1101	1	61883.315
1101	2	60868.454
1101	3	64176.05
1102	1	84305.399
1102	2	84594.518
1102	3	83614.99
1103	1	79729.02
1103	2	79035.573
1103	3	79940.636
1104	1	86141.953
1104	2	85928.433
1104	3	86424.018
1105	1	74508.868
1105	2	73975.547
1105	3	74870.535
1106	1	86048.386
1106	2	86525.705
1106	3	86417.641
1107	1	77260.615
1107	2	74325.734
1107	3	78105.397
1108	1	84778.198
1108	2	84666.281
1108	3	84264.852
1109	1	86614.62
1109	2	86514.239
1109	3	86421.502
1110	1	85057.176
1110	2	84882.118
1110	3	85870.689
1111	1	81155.251
1111	2	81615.998
1111	3	81353.637
1112	1	62978.031
1112	2	63053.612
1112	3	63327.989
1113	1	85926.824
1113	2	86068.043
1113	3	86417.645
1114	1	83325.774
1114	2	83403.84
1114	3	84142.105
1115	1	85110.545
1115	2	85181.072
1115	3	84669.986
1116	1	86374.469
1116	2	86190.726
1116	3	86419.771
1117	1	85872.481
1117	2	84650.5631
1117	3	86383.412
1118	1	59326.813
1118	2	59395.108
1118	3	59879.639
1119	1	64796.203
1119	2	65983.225
1119	3	66318.519
1121	1	78844.254
1121	2	78208.84
1121	3	78837.819
1122	1	76101.49
1122	2	75326.107
1122	3	72449.957
1123	1	86509.974
1123	2	86238.662
1123	3	86914.241
1124	1	85712.468
1124	2	85418.866
1124	3	85836.946
1125	1	85871.639
1125	2	85450.253
1125	3	86428.385
1126	1	77499.484
1126	2	76922.354
1126	3	75104.693
1127	1	84222.92
1127	2	84108.715
1127	3	82618.776
1128	1	69776.601
1128	2	69701.487
1128	3	69363.171
1129	1	53971.21
1129	2	54290.578
1129	3	55341.378
1130	1	86069.34
1130	2	85944.324
1130	3	86421.797
1131	1	81843.512
1131	2	82487.914
1131	3	81768.327
1132	1	85486.968
1132	2	86617.293
1132	3	85085.344
1133	1	77416.777
1133	2	76011.165
1133	3	79087.694
1134	1	86604.217
1134	2	85872.18
1134	3	86416.87
1135	1	84809.478
1135	2	86619.034
1135	3	85484.493
1136	1	85360.78
1136	2	85356.501
1136	3	84422.347
1137	1	86005.477
1137	2	86285.946
1137	3	86427.727
1138	1	85887.702
1138	2	86286.634
1138	3	85910.955
1139	1	84543.547
1139	2	84932.626
1139	3	86417.822
1140	1	61961.074
1140	2	61904.549
1140	3	61546.216
1141	1	85557.119
1141	2	85932.257
1141	3	86416.455
1142	1	86170.267
1142	2	87008.974
1142	3	85485.237
1143	1	78589.872
1143	2	76619.416
1143	3	79131.895
1144	1	84865.139
1144	2	85923.57
1144	3	85636.955
1145	1	84961.577
1145	2	85738.092
1145	3	86002.704
1146	1	76373.767
1146	2	76762.668
1146	3	75624.898
1147	1	78562.228
1147	2	78748.884
1147	3	77969.549
1148	1	86068.096
1148	2	86162.466
1148	3	86421.541
1149	1	85567.786
1149	2	86862.332
1149	3	86410.179
1150	1	61978.032
1150	2	65416.274
1150	3	52273.439
1151	1	81833.139
1151	2	82949.454
1151	3	79373.836
1152	1	85245.093
1152	2	84758.109
1152	3	85045.727
1153	1	86086.32
1153	2	86791.642
1153	3	86413.095
1154	1	76720.186
1154	2	75951.555
1154	3	75784.643
1155	1	81291.79
1155	2	82282.72
1155	3	82834.727
1156	1	86663.417
1156	2	85994.816
1156	3	86413.29
1157	1	86031.641
1157	2	85231.768
1157	3	85280.176
1158	1	85963.711
1158	2	85298.5
1158	3	86417.113
1159	1	86441.847
1159	2	85256.37
1159	3	85042.735
1160	1	84101.574
1160	2	84482.401
1160	3	84153.53
1161	1	77145.098
1161	2	77825.92
1161	3	77102.385
1162	1	86130.621
1162	2	86061.854
1162	3	86419.644
1163	1	86746.543
1163	2	86896.073
1163	3	86419.115
1164	1	85228.64
1164	2	84899.806
1164	3	86900.997
1165	1	73393.526
1165	2	76128.182
1165	3	73535.589
1166	1	64707.404
1166	2	65257.702
1166	3	60882.431
1167	1	85581.708
1167	2	85331.903
1167	3	85586.739
1168	1	60084.799
1168	2	60069.105
1168	3	59651.342
1169	1	86150.455
1169	2	86131.311
1169	3	86412.072
1170	1	81146.002
1170	2	80752.04
1170	3	80120.298
1171	1	85082.957
1171	2	85462.6719
1171	3	85799.975
1172	1	84874.412
1172	2	85194.512
1172	3	85087.67
1173	1	83044.728
1173	2	85100.684
1173	3	82722.018
1174	1	71596.472
1174	2	73747.98
1174	3	67032.298
1175	1	75118.458
1175	2	74390.122
1175	3	74671.654
1176	1	86676.043
1176	2	85622.743
1176	3	86420.067
1177	1	84308.578
1177	2	84050.246
1177	3	83769.724
1178	1	5218.835
1178	2	3742.749
1178	3	3600.17
1179	1	80679.477
1179	2	80728.619
1179	3	82212.471
1180	1	84078.836
1180	2	83210.576
1180	3	83946.253
1181	1	84877.615
1181	2	86047.919
1181	3	85085.951
1182	1	78075.249
1182	2	77074.057
1182	3	78325.213
1183	1	86131.808
1183	2	86080.295
1183	3	86429.665
1184	1	86199.693
1184	2	85334.927
1184	3	86412.571
1185	1	84135.876
1185	2	84911.405
1185	3	83744.91
1186	1	85626.538
1186	2	85463.639
1186	3	85091.37
1187	1	82690.153
1187	2	83497.686
1187	3	82319.533
1188	1	85486.412
1188	2	85018.775
1188	3	85084.596
1189	1	77961.809
1189	2	77040.103
1189	3	76787.17
1190	1	86021.974
1190	2	87064.046
1190	3	86421.127
1191	1	86614.341
1191	2	86292.605
1191	3	85487.133
1192	1	84910.259
1192	2	83983.358
1192	3	85056.23
1193	1	84618.767
1193	2	86160.292
1193	3	86413.676
1194	1	85016.912
1194	2	84233.686
1194	3	83818.074
1195	1	84798.532
1195	2	85582.46
1195	3	84154.041
1196	1	59766.138
1196	2	59235.796
1196	3	60043.391
1197	1	84797.648
1197	2	84965.667
1197	3	84145.057
1198	1	86022.868
1198	2	86480.083
1198	3	85050.449
1199	1	86454.568
1199	2	85978.178
1199	3	87072.961
1200	1	85989.082
1200	2	86495.375
1200	3	85161.716
1201	1	86603.157
1201	2	86560.47
1201	3	85413.816
1202	1	85529.894
1202	2	85185.209
1202	3	86420.887
1203	1	79387.428
1203	2	76951.13
1203	3	77847.787
1204	1	61973.528
1204	2	60952.891
1204	3	64933.924
1205	1	61936.751
1205	2	59976.0
1205	3	63865.255
1206	1	86210.902
1206	2	86455.69
1206	3	86618.621
1207	1	85365.921
1207	2	85721.37
1207	3	84034.639
1208	1	60071.174
1208	2	59634.94
1208	3	60402.276
1209	1	85997.176
1209	2	85653.084
1209	3	85054.573
1210	1	86306.405
1210	2	86330.07
1210	3	85879.807
1211	1	81749.934
1211	2	81851.831
1211	3	82110.793
1212	1	51168.349
1212	2	51257.296
1212	3	49981.176
1213	1	76927.328
1213	2	76199.282
1213	3	77497.721
1214	1	86190.627
1214	2	86743.396
1214	3	85482.948
1215	1	81965.913
1215	2	82730.849
1215	3	82385.828
1216	1	85163.687
1216	2	85042.388
1216	3	84160.078
1217	1	79597.361
1217	2	79332.9
1217	3	80479.189
1218	1	86207.364
1218	2	86475.636
1218	3	86414.508
1219	1	86749.503
1219	2	86312.848
1219	3	86426.35
1220	1	85290.125
1220	2	85355.02
1220	3	85087.633
1221	1	85395.775
1221	2	86850.723
1221	3	86429.016
1222	1	85491.411
1222	2	85686.24
1222	3	86155.216
1223	1	85505.459
1223	2	85341.754
1223	3	84142.567
1224	1	54849.167
1224	2	53490.66
1224	3	52777.379
1225	1	85496.511
1225	2	86665.164
1225	3	86409.242
1226	1	86070.607
1226	2	86734.288
1226	3	86422.308
1227	1	85077.293
1227	2	84155.306
1227	3	85581.85
1228	1	86703.356
1228	2	86760.098
1228	3	85471.821
1229	1	85641.009
1229	2	84790.599
1229	3	85407.616
1230	1	86036.524
1230	2	85181.833
1230	3	86419.798
1231	1	70967.082
1231	2	69244.689
1231	3	69372.282
1232	1	86570.264
1232	2	85733.29
1232	3	86414.866
1233	1	84832.457
1233	2	84983.141
1233	3	85478.104
1234	1	84555.424
1234	2	86055.791
1234	3	84907.297
1235	1	86027.558
1235	2	86097.383
1235	3	86420.99
1236	1	54275.969
1236	2	54212.69
1236	3	54151.829
1237	1	72117.749
1237	2	72272.096
1237	3	71222.001
1238	1	77581.692
1238	2	76935.05
1238	3	75063.527
1239	1	85985.281
1239	2	83646.252
1239	3	84141.247
1240	1	83604.81
1240	2	86542.128
1240	3	83758.254
1241	1	84451.854
1241	2	86612.441
1241	3	86653.824
1242	1	85823.3
1242	2	86495.26
1242	3	85466.365
1243	1	84469.593
1243	2	85529.534
1243	3	84129.883
1244	1	50598.718
1244	2	50718.058
1244	3	51139.587
1246	1	59532.817
1246	2	59849.947
1246	3	57534.997
1247	1	85963.587
1247	2	85123.566
1247	3	85463.714
1248	1	84758.149
1248	2	85921.833
1248	3	84027.256
1249	1	85189.352
1249	2	85850.651
1249	3	86415.676
1250	1	77377.757
1250	2	75958.812
1250	3	77720.886
1251	1	79273.797
1251	2	73723.123
1251	3	82448.01
1252	1	62365.92
1252	2	59830.322
1252	3	64611.398
1253	1	85491.746
1253	2	84618.694
1253	3	82823.952
1254	1	86082.451
1254	2	85388.395
1254	3	86416.733
1255	1	84888.275
1255	2	85288.558
1255	3	85826.809
1256	1	85954.426
1256	2	86574.658
1256	3	86413.971
1257	1	85372.378
1257	2	84810.194
1257	3	85657.013
1258	1	85920.041
1258	2	85670.368
1258	3	85471.632
1259	1	73289.562
1259	2	73288.898
1259	3	72186.614
1260	1	85873.398
1260	2	85601.911
1260	3	85472.529
1261	1	85204.125
1261	2	85517.524
1261	3	85094.453
1262	1	86315.487
1262	2	86081.613
1262	3	85761.935
1263	1	85383.969
1263	2	85249.23
1263	3	85094.793
1264	1	73985.357
1264	2	74994.51
1264	3	76142.238
1265	1	84008.014
1265	2	83744.646
1265	3	84962.84
1266	1	77171.235
1266	2	76983.244
1266	3	76779.914
1267	1	85825.61
1267	2	85131.187
1267	3	85078.184
1268	1	85233.604
1268	2	84375.305
1268	3	86419.441
1269	1	83803.104
1269	2	85988.705
1269	3	85022.841
1270	1	59347.432
1270	2	55862.84
1270	3	63853.306
1271	1	86196.973
1271	2	85410.318
1271	3	86248.867
1272	1	84637.828
1272	2	82533.741
1272	3	86421.878
1273	1	78814.642
1273	2	75853.221
1273	3	78100.495
1274	1	79845.884
1274	2	77174.965
1274	3	83192.537
1275	1	86332.075
1275	2	86293.982
1275	3	86416.725
1276	1	83470.681
1276	2	84943.319
1276	3	84750.73
1277	1	85910.621
1277	2	85257.086
1277	3	85083.702
1278	1	85600.989
1278	2	86082.566
1278	3	86326.185
1279	1	84066.581
1279	2	83016.092
1279	3	85481.695
1280	1	62854.925
1280	2	63476.552
1280	3	63811.999
1281	1	85887.1
1281	2	85968.661
1281	3	86419.954
1282	1	86480.239
1282	2	86695.3
1282	3	86414.973
1283	1	85271.585
1283	2	85819.283
1283	3	85053.567
1284	1	86421.234
1284	2	86396.082
1284	3	86327.65
1285	1	82260.668
1285	2	82036.531
1285	3	83707.482
1286	1	85703.635
1286	2	86535.392
1286	3	86416.412
1287	1	77180.893
1287	2	76278.002
1287	3	74998.492
1288	1	86134.199
1288	2	86555.4
1288	3	86416.243
1289	1	86111.508
1289	2	86348.48
1289	3	86419.352
1290	1	86058.644
1290	2	85601.486
1290	3	85582.821
1291	1	86103.168
1291	2	86422.174
1291	3	86419.939
1292	1	82357.836
1292	2	83222.34
1292	3	82774.208
1293	1	78270.615
1293	2	79608.821
1293	3	78238.885
1294	1	63748.804
1294	2	64464.167
1294	3	61562.616
1295	1	84331.317
1295	2	85122.708
1295	3	84442.917
1296	1	62452.035
1296	2	63316.272
1296	3	62600.45
1297	1	85559.521
1297	2	86129.888
1297	3	83717.721
1298	1	86187.546
1298	2	85145.418
1298	3	85083.085
1299	1	83688.907
1299	2	83948.209
1299	3	84150.499
1300	1	86021.288
1300	2	86590.049
1300	3	86421.298
1301	1	78175.513
1301	2	77784.366
1301	3	77650.594
1302	1	86637.833
1302	2	86644.228
1302	3	86421.619
1303	1	82813.581
1303	2	83610.238
1303	3	83362.563
1304	1	85525.441
1304	2	85150.517
1304	3	85041.022
1305	1	85525.139
1305	2	84476.613
1305	3	85077.615
1306	1	85836.562
1306	2	86087.074
1306	3	86650.39
1307	1	86297.109
1307	2	86373.034
1307	3	85471.15
1308	1	63078.189
1308	2	63641.279
1308	3	63762.233
1309	1	84527.073
1309	2	83701.534
1309	3	85462.694
1310	1	85680.46
1310	2	86595.421
1310	3	82604.7
1311	1	85458.998
1311	2	85486.472
1311	3	85350.169
1312	1	5955.593
1312	2	6053.095
1312	3	4921.969
1324	1	46642.539
1324	2	46257.22
1324	3	46766.452
1325	1	86612.133
1325	2	86235.309
1325	3	85023.196
1326	1	86067.681
1326	2	86426.601
1326	3	86416.135
1327	1	86022.896
1327	2	85773.32
1327	3	85802.84
1328	1	85606.627
1328	2	85689.274
1328	3	83774.549
1329	1	78106.638
1329	2	78324.303
1329	3	78645.607
1330	1	85556.129
1330	2	86400.07
1330	3	86416.481
1331	1	86178.455
1331	2	86470.874
1331	3	86415.937
1332	1	85745.242
1332	2	85793.804
1332	3	84616.738
1333	1	85614.658
1333	2	86654.926
1333	3	86413.86
1334	1	85738.045
1334	2	86429.329
1334	3	85538.107
1335	1	85477.825
1335	2	85782.385
1335	3	85472.927
1336	1	63359.6
1336	2	63466.76
1336	3	63673.334
1337	1	86012.958
1337	2	85875.291
1337	3	86415.395
1338	1	86094.972
1338	2	85066.846
1338	3	85089.469
1339	1	84301.269
1339	2	85415.075
1339	3	83345.264
1340	1	75408.003
1340	2	76662.713
1340	3	73677.724
1341	1	84824.56
1341	2	85041.958
1341	3	86282.75
1342	1	86501.419
1342	2	86548.609
1342	3	85483.873
1343	1	79323.131
1343	2	78412.636
1343	3	78787.536
1344	1	84232.911
1344	2	85035.55
1344	3	85083.213
1345	1	85498.743
1345	2	85902.419
1345	3	85102.796
1346	1	86221.035
1346	2	86285.517
1346	3	86226.331
1347	1	86101.282
1347	2	86534.819
1347	3	86413.598
1348	1	85407.346
1348	2	85882.326
1348	3	86187.914
1349	1	82577.55
1349	2	82992.308
1349	3	81488.266
1350	1	71956.017
1350	2	71476.349
1350	3	70631.823
1351	1	85239.938
1351	2	86722.464
1351	3	84524.232
1352	1	86367.799
1352	2	86547.241
1352	3	86426.113
1353	1	86461.929
1353	2	86118.572
1353	3	86673.27
1354	1	86234.782
1354	2	84441.092
1354	3	85467.796
1355	1	84858.973
1355	2	86773.584
1355	3	84843.216
1356	1	86510.764
1356	2	85281.547
1356	3	86414.727
1357	1	78144.818
1357	2	78053.471
1357	3	77226.055
1358	1	84495.181
1358	2	85284.987
1358	3	85094.455
1359	1	85030.383
1359	2	84559.766
1359	3	82822.92
1360	1	80892.19
1360	2	81656.169
1360	3	83621.25
1361	1	83200.836
1361	2	83782.039
1361	3	83756.211
1362	1	84729.17
1362	2	85860.046
1362	3	86348.576
1363	1	85231.251
1363	2	84597.513
1363	3	86424.476
1364	1	61836.134
1364	2	62358.283
1364	3	62148.427
1365	1	85841.86
1365	2	86164.329
1365	3	86421.658
1366	1	85781.649
1366	2	85326.849
1366	3	85082.563
1367	1	86332.727
1367	2	85708.97
1367	3	85889.502
1368	1	43826.237
1368	2	44965.777
1368	3	44542.858
1369	1	81656.525
1369	2	79894.647
1369	3	80111.908
1370	1	81673.124
1370	2	85251.985
1370	3	79574.107
1371	1	73772.29
1371	2	76016.146
1371	3	70926.553
1372	1	85944.777
1372	2	85542.649
1372	3	86419.837
1373	1	62529.176
1373	2	64160.163
1373	3	59136.091
1374	1	83900.062
1374	2	85590.215
1374	3	83554.658
1375	1	61942.463
1375	2	65538.984
1375	3	50424.588
1376	1	58553.081
1376	2	60542.284
1376	3	59634.91
1377	1	84786.346
1377	2	85276.749
1377	3	86539.121
1378	1	75791.356
1378	2	76896.358
1378	3	76499.656
1379	1	76317.761
1379	2	76938.301
1379	3	76558.402
1380	1	77087.285
1380	2	77856.973
1380	3	79213.415
1381	1	80181.499
1381	2	81518.998
1381	3	81527.706
1382	1	85867.109
1382	2	86108.675
1382	3	86416.258
1383	1	86144.113
1383	2	85662.351
1383	3	86380.678
1384	1	86485.961
1384	2	85248.228
1384	3	86420.42
1385	1	72890.436
1385	2	73489.502
1385	3	73547.306
1386	1	85937.405
1386	2	84742.044
1386	3	86415.749
1387	1	85891.379
1387	2	85422.211
1387	3	86415.413
1388	1	84224.042
1388	2	84044.5851
1388	3	85443.995
1389	1	85543.454
1389	2	85034.908
1389	3	86411.458
1390	1	86201.6
1390	2	85061.627
1390	3	86196.863
1391	1	85335.707
1391	2	86770.328
1391	3	86411.0
1392	1	63039.973
1392	2	62437.699
1392	3	61685.684
1393	1	85983.398
1393	2	86153.839
1393	3	85467.418
1394	1	86555.297
1394	2	86400.307
1394	3	86419.728
1395	1	86040.135
1395	2	86387.216
1395	3	85709.432
1396	1	86451.446
1396	2	86497.225
1396	3	86419.051
1397	1	36779.438
1397	2	37319.042
1397	3	38112.113
1398	1	47495.816
1398	2	46851.042
1398	3	46748.75
1399	1	77916.002
1399	2	78246.383
1399	3	76088.872
1400	1	86342.942
1400	2	85914.253
1400	3	86418.627
1401	1	85858.373
1401	2	86165.064
1401	3	86419.115
1402	1	82800.188
1402	2	82350.985
1402	3	83005.722
1403	1	82159.0
1403	2	82044.01
1403	3	85075.919
1404	1	85840.317
1404	2	84811.797
1404	3	85996.188
1405	1	85206.017
1405	2	85771.129
1405	3	85100.543
1406	1	74860.099
1406	2	74932.819
1406	3	73656.205
1407	1	85752.849
1407	2	85850.217
1407	3	86411.477
1408	1	85148.459
1408	2	85366.314
1408	3	84504.255
1409	1	85922.39
1409	2	84801.157
1409	3	85437.756
1410	1	86184.278
1410	2	85213.783
1410	3	86422.943
1411	1	85737.304
1411	2	86523.97
1411	3	87286.283
1412	1	84442.63
1412	2	84444.917
1412	3	83764.617
1413	1	79059.52
1413	2	79325.084
1413	3	77585.379
1414	1	85619.567
1414	2	86042.205
1414	3	86415.595
1415	1	84460.584
1415	2	85301.887
1415	3	83768.787
1416	1	83795.685
1416	2	83419.857
1416	3	83661.152
1417	1	85177.825
1417	2	86031.91
1417	3	86416.234
1418	1	84307.525
1418	2	84475.947
1418	3	83172.602
1419	1	86145.024
1419	2	86046.4
1419	3	86423.733
1420	1	62156.744
1420	2	63164.386
1420	3	63437.375
1421	1	84958.076
1421	2	84445.206
1421	3	85082.182
1422	1	85046.736
1422	2	86753.97
1422	3	85098.568
1423	1	75968.466
1423	2	75303.099
1423	3	77114.919
1424	1	86240.956
1424	2	86009.376
1424	3	86408.968
1425	1	80845.034
1425	2	82681.799
1425	3	83973.91
1426	1	86345.832
1426	2	85855.844
1426	3	86425.616
1427	1	77687.4533
1427	2	79302.541
1427	3	78990.361
1428	1	85717.705
1428	2	86392.415
1428	3	85108.102
1429	1	85415.325
1429	2	86452.834
1429	3	86419.859
1430	1	86472.392
1430	2	86154.938
1430	3	86609.622
1431	1	85478.17
1431	2	85685.398
1431	3	85109.197
1432	1	86378.983
1432	2	85406.994
1432	3	84368.57
1433	1	86471.186
1433	2	86516.838
1433	3	86413.359
1434	1	79070.267
1434	2	78933.615
1434	3	79077.192
1435	1	86118.104
1435	2	86548.758
1435	3	85087.676
1436	1	85452.409
1436	2	86372.222
1436	3	86426.917
1437	1	85568.093
1437	2	86209.544
1437	3	85780.56
1438	1	11723.424
1438	2	11491.639
1438	3	13080.896
1441	1	71440.955
1441	2	72037.308
1441	3	70773.577
1444	1	78870.83
1444	2	79726.488
1444	3	78791.703
1445	1	85867.117
1445	2	85754.877
1445	3	86424.609
1446	1	76807.623
1446	2	78999.618
1446	3	74369.833
1447	1	85278.243
1447	2	85195.769
1447	3	85090.701
1448	1	62981.713
1448	2	64204.599
1448	3	64318.627
1449	1	85490.134
1449	2	85023.076
1449	3	85079.28
1450	1	85546.256
1450	2	85919.432
1450	3	85098.383
1451	1	81936.886
1451	2	82399.648
1451	3	83380.118
1452	1	85262.477
1452	2	85731.106
1452	3	86415.323
1453	1	84345.138
1453	2	82928.709
1453	3	84433.627
1454	1	85732.665
1454	2	86355.602
1454	3	85086.42
1455	1	73003.75
1455	2	73476.29
1455	3	72703.432
1456	1	84318.943
1456	2	85024.633
1456	3	84148.049
1457	1	86039.137
1457	2	86570.585
1457	3	86421.346
1458	1	84357.437
1458	2	85843.356
1458	3	86195.697
1459	1	84861.585
1459	2	85845.84
1459	3	86420.815
1460	1	86117.133
1460	2	86221.358
1460	3	86180.151
1461	1	54434.187
1461	2	55225.451
1461	3	54012.185
1462	1	60347.672
1462	2	60545.214
1462	3	59842.946
1463	1	86094.398
1463	2	86502.158
1463	3	86411.785
1464	1	85465.744
1464	2	85738.68
1464	3	84148.6
1465	1	12010.109
1465	2	12613.659
1465	3	12025.028
1472	1	80215.348
1472	2	80319.235
1472	3	78795.497
1473	1	85399.843
1473	2	86356.427
1473	3	86419.318
1474	1	86214.379
1474	2	85715.447
1474	3	86302.541
1475	1	86689.218
1475	2	86371.793
1475	3	86423.719
1476	1	63442.591
1476	2	64071.797
1476	3	62865.312
1477	1	49027.302
1477	2	48976.299
1477	3	49460.163
1478	1	76531.855
1478	2	77292.316
1478	3	75562.251
1479	1	84308.523
1479	2	85867.969
1479	3	84746.826
1480	1	85813.384
1480	2	86471.386
1480	3	86439.925
1481	1	85502.744
1481	2	85995.786
1481	3	84831.101
1482	1	86007.829
1482	2	86222.881
1482	3	86419.166
1483	1	78469.9446
1483	2	77936.737
1483	3	77287.102
1484	1	85034.303
1484	2	84837.39
1484	3	85101.25
1485	1	86138.878
1485	2	85573.946
1485	3	86416.092
1486	1	4050.755
1486	2	5222.676
1486	3	5104.334
1495	1	75121.853
1495	2	77262.717
1495	3	76507.887
1496	1	86380.226
1496	2	84795.733
1496	3	85457.92
1497	1	76430.822
1497	2	77442.879
1497	3	78265.135
1498	1	73884.362
1498	2	73310.463
1498	3	73921.068
1499	1	86263.076
1499	2	85305.503
1499	3	86408.533
1500	1	85349.799
1500	2	85844.286
1500	3	85635.784
1501	1	86098.615
1501	2	86156.626
1501	3	86416.935
1502	1	67173.147
1502	2	69766.654
1502	3	70656.88
1503	1	85852.547
1503	2	86208.936
1503	3	86419.499
1504	1	56575.917
1504	2	57261.635
1504	3	57383.455
1505	1	85978.621
1505	2	86191.333
1505	3	86409.0
1506	1	82590.93
1506	2	83151.415
1506	3	82394.071
1507	1	83435.694
1507	2	83961.7826
1507	3	84774.51
1508	1	85920.788
1508	2	85462.693
1508	3	85085.688
1509	1	81566.53
1509	2	82780.094
1509	3	82332.269
1510	1	75440.08
1510	2	74428.218
1510	3	76943.089
1511	1	72863.584
1511	2	73936.567
1511	3	73851.442
1512	1	86236.446
1512	2	85404.795
1512	3	86413.141
1513	1	86123.062
1513	2	85468.451
1513	3	86419.807
1514	1	80798.396
1514	2	80740.586
1514	3	81860.304
1515	1	85566.212
1515	2	85559.735
1515	3	86411.164
1516	1	79676.56
1516	2	81165.274
1516	3	80940.032
1517	1	86041.929
1517	2	86051.397
1517	3	86401.274
1518	1	76722.304
1518	2	78038.858
1518	3	78468.506
1519	1	85888.136
1519	2	84441.459
1519	3	85099.294
1520	1	82361.808
1520	2	83904.731
1520	3	85466.642
1521	1	83540.458
1521	2	84892.438
1521	3	83480.059
1522	1	86368.521
1522	2	84519.383
1522	3	86417.515
1523	1	83716.39
1523	2	84130.162
1523	3	84360.086
1524	1	86403.857
1524	2	86574.469
1524	3	86418.488
1525	1	75917.835
1525	2	75850.59
1525	3	76298.522
1526	1	85843.852
1526	2	85798.316
1526	3	86410.729
1527	1	86174.077
1527	2	86556.478
1527	3	86422.276
1528	1	83128.804
1528	2	82191.522
1528	3	82819.039
1529	1	86154.071
1529	2	86595.843
1529	3	86417.738
1530	1	82202.435
1530	2	82192.946
1530	3	85718.817
1531	1	85713.376
1531	2	85704.34
1531	3	85086.047
1532	1	59570.875
1532	2	60430.528
1532	3	60835.2305
1533	1	86355.509
1533	2	85763.538
1533	3	86418.771
1534	1	86294.674
1534	2	85521.485
1534	3	86415.298
1535	1	84341.852
1535	2	84756.435
1535	3	85872.487
1536	1	86266.95
1536	2	86445.437
1536	3	86415.238
1537	1	84253.866
1537	2	85498.655
1537	3	86140.473
1538	1	86235.067
1538	2	86565.606
1538	3	86429.232
1539	1	74183.21
1539	2	73174.988
1539	3	74629.14
1540	1	84661.769
1540	2	84301.888
1540	3	84566.094
1541	1	79607.671
1541	2	78442.588
1541	3	78061.99
1542	1	84112.515
1542	2	84909.729
1542	3	85355.724
1543	1	85420.683
1543	2	86158.716
1543	3	86421.512
1544	1	83730.753
1544	2	84821.865
1544	3	84272.341
1545	1	85487.011
1545	2	86742.582
1545	3	86420.581
1546	1	74294.1406
1546	2	75798.64
1546	3	76429.442
1547	1	77631.715
1547	2	77669.088
1547	3	77648.562
1548	1	86865.958
1548	2	86258.297
1548	3	86571.06
1549	1	74849.711
1549	2	75657.032
1549	3	74915.753
1550	1	86396.179
1550	2	86320.672
1550	3	86898.789
1551	1	83188.596
1551	2	84059.68
1551	3	83940.441
1552	1	75053.939
1552	2	77410.417
1552	3	77879.773
1553	1	69734.076
1553	2	69869.302
1553	3	70729.395
1554	1	86293.519
1554	2	85948.096
1554	3	86418.189
1555	1	85717.001
1555	2	85946.168
1555	3	86416.681
1556	1	75883.057
1556	2	76758.755
1556	3	76463.583
1557	1	86738.998
1557	2	86745.554
1557	3	86418.077
1558	1	84404.689
1558	2	84268.534
1558	3	84445.729
1559	1	85502.979
1559	2	85346.008
1559	3	86418.756
1560	1	57825.854
1560	2	58145.4942
1560	3	59254.742
1561	1	38154.433
1561	2	38169.989
1561	3	39607.603
1562	1	84100.213
1562	2	86345.563
1562	3	85091.242
1563	1	82450.03
1563	2	83466.225
1563	3	81596.097
1564	1	86628.129
1564	2	85089.802
1564	3	86419.96
1565	1	84377.669
1565	2	85069.838
1565	3	84872.553
1566	1	19930.418
1566	2	20575.219
1566	3	21602.791
1568	1	71314.105
1568	2	74145.964
1568	3	74692.498
1569	1	84916.914
1569	2	85586.577
1569	3	85492.828
1570	1	81532.556
1570	2	83149.643
1570	3	83722.064
1571	1	85646.51
1571	2	86262.734
1571	3	85489.773
1572	1	83518.564
1572	2	83121.196
1572	3	84716.508
1573	1	58904.345
1573	2	59613.723
1573	3	56482.579
1574	1	72228.068
1574	2	73510.45
1574	3	70834.92
1575	1	53461.945
1575	2	56016.101
1575	3	51877.592
1577	1	70756.735
1577	2	69605.161
1577	3	69460.336
1578	1	86116.981
1578	2	86253.304
1578	3	86417.53
1579	1	83728.876
1579	2	86649.373
1579	3	86604.566
1580	1	84068.968
1580	2	85636.811
1580	3	82814.18
1581	1	75222.914
1581	2	75475.498
1581	3	76428.387
1582	1	84758.01
1582	2	85757.012
1582	3	82425.866
1583	1	85993.918
1583	2	86503.426
1583	3	86416.633
1584	1	82610.307
1584	2	85351.895
1584	3	85087.878
1585	1	85912.508
1585	2	84061.161
1585	3	85088.886
1586	1	82843.888
1586	2	83777.373
1586	3	83079.057
1587	1	85806.765
1587	2	86068.521
1587	3	85491.871
1588	1	46688.301
1588	2	48104.9561
1588	3	46453.527
1589	1	85438.407
1589	2	85976.907
1589	3	86411.8
1590	1	85751.441
1590	2	85955.549
1590	3	85078.986
1591	1	84907.583
1591	2	85242.152
1591	3	85634.989
1592	1	55019.064
1592	2	55614.842
1592	3	55753.31
1593	1	47709.323
1593	2	49499.892
1593	3	49044.319
1594	1	86092.49
1594	2	86578.133
1594	3	86418.922
1595	1	74105.535
1595	2	74580.712
1595	3	76206.521
1596	1	85438.205
1596	2	86010.855
1596	3	86412.9
1597	1	85737.152
1597	2	86859.902
1597	3	86416.111
1598	1	53410.058
1598	2	53991.077
1598	3	53575.598
1599	1	74571.675
1599	2	75866.929
1599	3	75183.677
1600	1	82011.689
1600	2	82958.922
1600	3	84127.292
1601	1	85739.675
1601	2	85831.86
1601	3	85079.51
1602	1	75045.951
1602	2	75883.212
1602	3	76140.402
1603	1	86904.936
1603	2	85138.423
1603	3	85728.819
1604	1	84097.298
1604	2	85881.87
1604	3	85079.4
1605	1	74112.762
1605	2	72318.961
1605	3	73266.747
1606	1	85716.227
1606	2	85725.065
1606	3	85077.813
1607	1	83315.173
1607	2	84209.979
1607	3	86668.135
1608	1	85973.683
1608	2	86306.517
1608	3	86416.009
1609	1	72497.4
1609	2	72271.383
1609	3	71192.743
1610	1	86009.009
1610	2	85684.967
1610	3	86416.793
1611	1	84854.975
1611	2	86433.972
1611	3	86411.671
1612	1	82604.793
1612	2	84444.109
1612	3	85068.198
1613	1	85654.165
1613	2	86174.376
1613	3	85497.443
1614	1	82953.832
1614	2	84344.438
1614	3	84731.183
1615	1	85286.232
1615	2	85274.77
1615	3	85072.306
1616	1	56298.364
1616	2	55484.303
1616	3	57231.076
1617	1	86537.231
1617	2	86724.953
1617	3	86409.412
1618	1	84052.779
1618	2	84465.786
1618	3	86424.699
1619	1	82569.723
1619	2	84019.027
1619	3	82528.753
1620	1	55372.91
1620	2	55584.918
1620	3	55342.252
1621	1	77274.964
1621	2	77448.847
1621	3	76515.679
1622	1	85761.688
1622	2	84974.676
1622	3	86420.141
1623	1	75351.734
1623	2	76065.046
1623	3	77649.954
1624	1	80378.266
1624	2	78989.523
1624	3	81816.274
1625	1	86046.718
1625	2	86053.152
1625	3	86410.897
1626	1	82049.377
1626	2	81842.856
1626	3	85015.961
1627	1	82131.335
1627	2	82793.922
1627	3	80436.967
1628	1	81920.76
1628	2	83743.37
1628	3	84784.94
1629	1	85222.592
1629	2	86745.817
1629	3	86415.514
1630	1	76884.907
1630	2	77393.457
1630	3	77584.279
1631	1	86410.34
1631	2	85324.395
1631	3	86405.932
1632	1	85929.193
1632	2	86869.781
1632	3	86426.426
1633	1	61087.69
1633	2	61246.967
1633	3	60591.177
1634	1	48515.977
1634	2	47071.76
1634	3	48716.92
1635	1	36099.302
1635	2	37490.506
1635	3	30770.507
1636	1	56897.976
1636	2	58862.894
1636	3	56034.915
1637	1	69923.648
1637	2	71275.928
1637	3	71360.916
1638	1	77161.85
1638	2	77129.464
1638	3	76595.232
1639	1	83875.145
1639	2	84637.894
1639	3	83807.578
1640	1	82481.779
1640	2	83937.893
1640	3	83309.741
1641	1	85936.913
1641	2	86985.649
1641	3	86419.486
1642	1	77185.061
1642	2	75915.593
1642	3	78029.595
1643	1	81716.069
1643	2	80827.426
1643	3	82792.305
1644	1	57225.13
1644	2	58289.15
1644	3	58090.029
1645	1	85156.285
1645	2	85340.623
1645	3	84145.009
1646	1	86974.06
1646	2	86079.37
1646	3	86417.195
1647	1	80353.462
1647	2	80785.677
1647	3	80113.788
1648	1	85649.765
1648	2	86291.136
1648	3	86424.058
1649	1	69407.996
1649	2	71120.058
1649	3	73849.524
1650	1	83628.594
1650	2	83941.412
1650	3	82808.636
1651	1	55507.567
1651	2	56677.357
1651	3	57060.476
1652	1	82093.486
1652	2	82794.319
1652	3	81477.121
1653	1	81675.912
1653	2	83830.821
1653	3	84155.143
1654	1	71334.331
1654	2	71585.847
1654	3	70250.605
1655	1	80819.186
1655	2	81509.419
1655	3	81885.427
1656	1	75966.952
1656	2	77445.569
1656	3	77833.636
1657	1	85249.303
1657	2	84920.262
1657	3	85488.677
1658	1	49663.835
1658	2	50659.724
1658	3	50128.035
1659	1	85306.852
1659	2	86514.124
1659	3	86414.727
1660	1	75084.46
1660	2	75159.969
1660	3	75617.316
1661	1	83095.805
1661	2	84750.172
1661	3	85755.342
1662	1	85701.891
1662	2	84705.039
1662	3	86417.802
1663	1	83318.739
1663	2	84175.517
1663	3	83251.743
1664	1	85727.122
1664	2	85365.472
1664	3	84153.562
1665	1	71984.003
1665	2	72732.9979
1665	3	73410.16
1666	1	85819.509
1666	2	86250.642
1666	3	86414.114
1667	1	85807.013
1667	2	86748.214
1667	3	86417.495
1668	1	82911.317
1668	2	82277.129
1668	3	83057.042
1669	1	85722.006
1669	2	86249.92
1669	3	85481.185
1670	1	83840.647
1670	2	81939.991
1670	3	83683.248
1671	1	85655.349
1671	2	85313.775
1671	3	86417.43
1672	1	58747.372
1672	2	60579.038
1672	3	58839.704
1673	1	65472.076
1673	2	67438.021
1673	3	68959.056
1674	1	85085.637
1674	2	86144.138
1674	3	86409.825
1675	1	84898.712
1675	2	85522.927
1675	3	85341.678
1676	1	84107.001
1676	2	83578.243
1676	3	85435.137
1677	1	83467.144
1677	2	85572.379
1677	3	86031.351
1678	1	85419.325
1678	2	86554.944
1678	3	86423.118
1679	1	70982.175
1679	2	65541.067
1679	3	75253.873
1680	1	86253.844
1680	2	85824.679
1680	3	86420.029
1681	1	84961.057
1681	2	85110.215
1681	3	86414.101
1682	1	79982.614
1682	2	81642.799
1682	3	82657.655
1683	1	83737.038
1683	2	84386.445
1683	3	86430.702
1684	1	84119.148
1684	2	85239.888
1684	3	85886.871
1685	1	85586.38
1685	2	86051.597
1685	3	86406.421
1686	1	61226.45
1686	2	61082.57
1686	3	64569.161
1687	1	78923.883
1687	2	77654.237
1687	3	81872.869
1688	1	82456.796
1688	2	82994.459
1688	3	83763.413
1689	1	82971.497
1689	2	83660.861
1689	3	86402.197
1690	1	86595.024
1690	2	85150.197
1690	3	86431.666
1691	1	82977.456
1691	2	85875.368
1691	3	85086.72
1692	1	78794.373
1692	2	79057.074
1692	3	79233.911
1693	1	73151.276
1693	2	72528.84
1693	3	75060.149
1694	1	86933.517
1694	2	85814.564
1694	3	86427.353
1695	1	74301.494
1695	2	82802.746
1695	3	82806.081
1696	1	83103.178
1696	2	82783.302
1696	3	86448.076
1697	1	84033.601
1697	2	85724.698
1697	3	84896.955
1698	1	82787.881
1698	2	84048.152
1698	3	85486.747
1699	1	85738.04
1699	2	85215.579
1699	3	86417.818
1700	1	55670.32
1700	2	54973.692
1700	3	55215.72
1701	1	84109.376
1701	2	82767.829
1701	3	82835.632
1702	1	79681.637
1702	2	80478.365
1702	3	78859.161
1703	1	73555.985
1703	2	75927.63
1703	3	76355.905
1704	1	84957.271
1704	2	85815.834
1704	3	86405.875
1705	1	84385.309
1705	2	85639.265
1705	3	85619.528
1706	1	85814.025
1706	2	85051.45
1706	3	86424.331
1707	1	70949.875
1707	2	71663.393
1707	3	72613.907
1708	1	85392.198
1708	2	86860.168
1708	3	86416.725
1709	1	85933.8
1709	2	86543.26
1709	3	86418.654
1710	1	82497.9745
1710	2	82794.65
1710	3	83003.99
1711	1	86571.351
1711	2	86605.213
1711	3	86411.338
1712	1	58788.892
1712	2	59448.042
1712	3	61143.613
1713	1	84906.036
1713	2	85684.843
1713	3	85462.145
1714	1	74811.744
1714	2	77023.936
1714	3	76506.592
1715	1	84614.933
1715	2	81818.394
1715	3	86421.959
1716	1	85982.71
1716	2	86484.628
1716	3	86403.845
1717	1	83415.989
1717	2	82790.939
1717	3	84379.195
1718	1	86076.376
1718	2	85018.499
1718	3	86418.285
1719	1	84838.832
1719	2	84900.116
1719	3	86794.552
1720	1	85040.547
1720	2	86583.929
1720	3	85103.946
1721	1	66648.881
1721	2	67287.13
1721	3	67844.894
1722	1	85197.294
1722	2	86459.691
1722	3	85104.255
1723	1	71142.126
1723	2	71177.047
1723	3	69734.781
1724	1	83001.516
1724	2	82960.613
1724	3	84482.132
1725	1	86340.292
1725	2	86501.119
1725	3	86419.74
1726	1	83693.801
1726	2	84925.312
1726	3	84000.103
1727	1	69862.564
1727	2	69515.894
1727	3	70696.483
1728	1	50692.369
1728	2	50524.363
1728	3	48665.146
1729	1	70510.55
1729	2	71232.398
1729	3	69973.953
1730	1	84382.624
1730	2	84242.163
1730	3	83721.84
1731	1	82437.849
1731	2	83269.951
1731	3	83378.399
1732	1	83716.736
1732	2	82817.18
1732	3	83740.63
1733	1	84954.212
1733	2	85404.211
1733	3	85650.353
1734	1	82885.202
1734	2	85828.262
1734	3	83198.483
1735	1	71697.806
1735	2	73682.831
1735	3	73873.805
1736	1	83764.897
1736	2	85809.598
1736	3	83239.46
1737	1	82010.31
1737	2	83356.886
1737	3	81722.946
1738	1	71984.505
1738	2	74526.354
1738	3	73573.27
1739	1	84267.918
1739	2	85318.449
1739	3	82909.466
1740	1	83857.5437
1740	2	82395.283
1740	3	86365.221
1741	1	86385.796
1741	2	86488.611
1741	3	85478.126
1742	1	75412.276
1742	2	76085.832
1742	3	77383.264
1743	1	78511.73
1743	2	81132.107
1743	3	75267.005
1744	1	84249.835
1744	2	86399.568
1744	3	86422.738
1745	1	76870.0424
1745	2	79378.62
1745	3	77558.151
1746	1	80603.505
1746	2	80681.475
1746	3	80352.353
1747	1	81862.1
1747	2	83634.12
1747	3	84961.531
1748	1	85540.572
1748	2	84554.561
1748	3	85088.131
1749	1	77358.131
1749	2	76912.382
1749	3	76135.821
1750	1	85290.69
1750	2	86334.326
1750	3	85469.544
1751	1	85944.749
1751	2	85900.212
1751	3	85111.441
1752	1	58809.661
1752	2	59210.854
1752	3	59691.856
1753	1	59147.633
1753	2	59166.704
1753	3	61235.581
1754	1	84035.041
1754	2	83618.27
1754	3	84422.544
1755	1	86545.788
1755	2	86887.267
1755	3	85485.09
1756	1	62154.865
1756	2	63737.367
1756	3	64099.032
1757	1	86681.369
1757	2	86311.775
1757	3	86418.506
1758	1	84973.039
1758	2	85647.346
1758	3	86425.504
1759	1	84070.762
1759	2	84365.157
1759	3	84196.622
1760	1	64527.775
1760	2	62681.337
1760	3	64808.485
1761	1	82958.442
1761	2	84261.451
1761	3	85635.814
1762	1	85985.538
1762	2	86515.421
1762	3	86409.123
1763	1	85768.875
1763	2	85731.397
1763	3	85094.951
1764	1	74024.83
1764	2	73681.433
1764	3	74219.244
1765	1	85169.007
1765	2	85914.954
1765	3	85098.137
1766	1	82167.376
1766	2	83598.412
1766	3	83653.566
1767	1	85159.303
1767	2	86749.165
1767	3	85098.543
1768	1	71168.109
1768	2	72911.881
1768	3	71302.276
1769	1	85780.335
1769	2	86002.243
1769	3	86416.409
1770	1	73170.186
1770	2	74178.287
1770	3	74537.108
1771	1	79822.191
1771	2	79093.684
1771	3	79215.013
1772	1	86487.841
1772	2	86057.966
1772	3	86413.733
1773	1	85086.492
1773	2	86037.916
1773	3	86358.791
1774	1	85102.697
1774	2	85169.998
1774	3	85092.892
1775	1	85555.566
1775	2	85141.744
1775	3	85301.855
1776	1	86753.598
1776	2	86505.449
1776	3	86419.89
1777	1	78047.944
1777	2	79007.909
1777	3	79266.3763
1778	1	86722.065
1778	2	86529.333
1778	3	86415.115
1779	1	83919.115
1779	2	85054.348
1779	3	86422.464
1780	1	86200.369
1780	2	85385.446
1780	3	85651.909
1781	1	85908.251
1781	2	85730.351
1781	3	85093.156
1782	1	33610.963
1782	2	33912.507
1782	3	33420.902
1783	1	85323.926
1783	2	85742.839
1783	3	85091.754
1784	1	58516.547
1784	2	58616.792
1784	3	58783.379
1785	1	85538.25
1785	2	86361.325
1785	3	86417.798
1786	1	86047.596
1786	2	86455.353
1786	3	86418.402
1787	1	82834.372
1787	2	85611.519
1787	3	85464.338
1788	1	84166.189
1788	2	85598.246
1788	3	84153.31
1789	1	57345.493
1789	2	58760.709
1789	3	58922.285
1790	1	83316.739
1790	2	83786.931
1790	3	81444.067
1791	1	75621.832
1791	2	73505.404
1791	3	77798.96
1792	1	86361.334
1792	2	85483.661
1792	3	84543.155
1793	1	84260.076
1793	2	84846.068
1793	3	82260.776
1794	1	82331.464
1794	2	82621.213
1794	3	82945.552
1795	1	84444.64
1795	2	83439.799
1795	3	83758.589
1796	1	75865.311
1796	2	76354.915
1796	3	76062.956
1797	1	84919.57
1797	2	86432.331
1797	3	84525.791
1798	1	68512.712
1798	2	69542.84
1798	3	71093.641
1799	1	46500.498
1799	2	48873.762
1799	3	47761.701
1800	1	85883.766
1800	2	86430.44
1800	3	86412.328
1801	1	84443.239
1801	2	84007.901
1801	3	85357.438
1802	1	86590.028
1802	2	85806.806
1802	3	86417.027
1803	1	75552.48
1803	2	77278.118
1803	3	75517.905
1804	1	84197.594
1804	2	84397.659
1804	3	86415.37
1805	1	71469.298
1805	2	72815.66
1805	3	70055.81
1806	1	84595.854
1806	2	85018.328
1806	3	82456.827
1807	1	82199.288
1807	2	85900.895
1807	3	86420.245
1808	1	63348.05
1808	2	63325.25
1808	3	65593.339
1809	1	82516.947
1809	2	83559.892
1809	3	86412.59
1810	1	80416.651
1810	2	82743.738
1810	3	80912.139
1811	1	83501.108
1811	2	84092.293
1811	3	82823.381
1812	1	51865.037
1812	2	52270.559
1812	3	51640.212
1813	1	86308.069
1813	2	85801.909
1813	3	86431.075
1814	1	85767.242
1814	2	86602.134
1814	3	86422.898
1815	1	74915.13
1815	2	78116.022
1815	3	74600.937
1816	1	85233.819
1816	2	86595.231
1816	3	85091.49
1817	1	83453.437
1817	2	84628.182
1817	3	84218.614
1818	1	86103.622
1818	2	85034.058
1818	3	86415.864
1819	1	73202.113
1819	2	73821.242
1819	3	73288.971
1820	1	85929.504
1820	2	86486.467
1820	3	86425.296
1821	1	13247.632
1821	2	13787.708
1821	3	14403.268
1822	1	63736.609
1822	2	63237.404
1822	3	62544.57
1823	1	79569.267
1823	2	82353.599
1823	3	83758.284
1824	1	0.0
1824	2	0.0
1824	3	1328.52
1860	1	79034.883
1860	2	79537.961
1860	3	80106.716
1861	1	76325.38
1861	2	76119.393
1861	3	77368.82
1862	1	86173.131
1862	2	86123.869
1862	3	86415.733
1863	1	86433.45
1863	2	85337.043
1863	3	86417.799
1864	1	84665.292
1864	2	82107.172
1864	3	86212.683
1865	1	86326.978
1865	2	86962.61
1865	3	86427.488
1866	1	83423.314
1866	2	84337.612
1866	3	84540.472
1867	1	86591.721
1867	2	86413.316
1867	3	86411.627
1868	1	56368.451
1868	2	56448.443
1868	3	57653.047
1869	1	86604.718
1869	2	84751.97
1869	3	86416.907
1870	1	86644.089
1870	2	86269.379
1870	3	85469.96
1871	1	84544.423
1871	2	85186.835
1871	3	85302.577
1872	1	85541.628
1872	2	84807.377
1872	3	84146.178
1873	1	85617.842
1873	2	86162.239
1873	3	86305.01
1874	1	85404.671
1874	2	86300.195
1874	3	86419.167
1875	1	77882.065
1875	2	77081.17
1875	3	75188.136
1876	1	86699.678
1876	2	85090.169
1876	3	86418.794
1877	1	85074.353
1877	2	84927.403
1877	3	85098.285
1878	1	86289.576
1878	2	86517.051
1878	3	85831.9
1879	1	86202.227
1879	2	85819.555
1879	3	86414.969
1880	1	85732.677
1880	2	84729.159
1880	3	84991.67
1881	1	85988.417
1881	2	85866.683
1881	3	85098.62
1882	1	76604.324
1882	2	77245.642
1882	3	76503.148
1883	1	86907.994
1883	2	85129.403
1883	3	85100.125
1884	1	86422.139
1884	2	82808.814
1884	3	85473.142
1885	1	85326.686
1885	2	85055.066
1885	3	86967.604
1886	1	86097.956
1886	2	85926.263
1886	3	82431.228
1887	1	83878.02
1887	2	81898.498
1887	3	83975.755
1888	1	84944.886
1888	2	84452.463
1888	3	83760.977
1889	1	77271.135
1889	2	77279.364
1889	3	78675.488
1890	1	83305.402
1890	2	83199.289
1890	3	82829.426
1891	1	86124.08
1891	2	85313.855
1891	3	86408.877
1892	1	76522.979
1892	2	74682.342
1892	3	73420.162
1893	1	85128.771
1893	2	83833.409
1893	3	85077.417
1894	1	85538.713
1894	2	84458.107
1894	3	85178.042
1895	1	84967.286
1895	2	84520.949
1895	3	82449.648
1896	1	64711.34
1896	2	62661.529
1896	3	65444.306
1897	1	84661.008
1897	2	84404.11
1897	3	85460.051
1898	1	84967.571
1898	2	85814.389
1898	3	83763.233
1899	1	81392.517
1899	2	81296.346
1899	3	80311.684
1900	1	85891.854
1900	2	85984.263
1900	3	86421.863
1901	1	86207.411
1901	2	86206.218
1901	3	86708.288
1902	1	83933.738
1902	2	85920.974
1902	3	81874.924
1903	1	79851.238
1903	2	78596.72
1903	3	79285.337
1904	1	86067.094
1904	2	85589.275
1904	3	85088.951
1905	1	82979.632
1905	2	80844.299
1905	3	76388.062
1906	1	83060.376
1906	2	85766.364
1906	3	84017.88
1907	1	86843.161
1907	2	85540.876
1907	3	86416.988
1908	1	86061.933
1908	2	86084.372
1908	3	85748.185
1909	1	86568.193
1909	2	86414.038
1909	3	86407.905
1910	1	76197.121
1910	2	75384.101
1910	3	76987.388
1911	1	85569.75
1911	2	85556.276
1911	3	86425.732
1912	1	85483.943
1912	2	85449.815
1912	3	85097.062
1913	1	86790.197
1913	2	86437.798
1913	3	84067.168
1914	1	74964.533
1914	2	74800.58
1914	3	75615.877
1915	1	84917.188
1915	2	85169.866
1915	3	87155.999
1916	1	86038.626
1916	2	85554.603
1916	3	83760.722
1917	1	76974.656
1917	2	77902.2312
1917	3	77769.461
1918	1	86068.277
1918	2	86360.596
1918	3	86428.874
1919	1	87189.08
1919	2	84042.697
1919	3	85455.053
1920	1	79351.526
1920	2	79705.484
1920	3	78294.662
1921	1	86057.517
1921	2	85848.721
1921	3	86298.645
1922	1	85156.561
1922	2	85765.654
1922	3	85956.574
1923	1	86834.674
1923	2	86761.407
1923	3	86421.24
1924	1	60705.408
1924	2	60000.094
1924	3	60525.291
1925	1	86228.572
1925	2	85688.042
1925	3	86410.053
1926	1	85458.632
1926	2	85214.075
1926	3	86409.59
1927	1	86500.204
1927	2	86399.16
1927	3	85850.315
1928	1	40721.386
1928	2	42880.701
1928	3	43045.252
1929	1	82202.135
1929	2	81212.824
1929	3	83711.873
1930	1	86218.852
1930	2	84231.839
1930	3	84778.808
1931	1	68438.144
1931	2	67655.901
1931	3	66578.625
1932	1	83245.727
1932	2	81154.737
1932	3	79220.568
1933	1	86548.709
1933	2	85005.256
1933	3	86419.756
1934	1	85695.858
1934	2	86555.777
1934	3	85511.047
1935	1	86519.418
1935	2	84816.344
1935	3	86416.733
1936	1	86208.189
1936	2	84279.335
1936	3	84752.804
1937	1	85733.314
1937	2	86510.814
1937	3	86414.352
1938	1	77344.249
1938	2	76807.567
1938	3	77163.237
1939	1	85860.213
1939	2	84486.644
1939	3	86420.523
1940	1	86763.77
1940	2	86042.512
1940	3	85098.485
1941	1	85366.594
1941	2	84792.188
1941	3	84558.437
1942	1	85749.597
1942	2	85192.605
1942	3	86426.456
1943	1	86159.853
1943	2	84977.161
1943	3	85916.045
1944	1	65787.329
1944	2	65330.537
1944	3	64550.188
1945	1	27660.689
1945	2	27201.053
1945	3	27429.687
1946	1	81030.114
1946	2	79243.614
1946	3	74785.061
1947	1	74307.347
1947	2	73454.444
1947	3	69939.891
1948	1	12692.349
1948	2	10986.373
1948	3	9199.224
1949	1	62546.147
1949	2	62152.68
1949	3	62595.42
1950	1	86087.721
1950	2	86034.664
1950	3	85592.649
1951	1	86228.635
1951	2	85712.138
1951	3	86420.31
1952	1	66139.313
1952	2	65710.632
1952	3	64124.981
1953	1	84115.804
1953	2	84408.161
1953	3	85590.188
1954	1	86225.533
1954	2	86810.655
1954	3	83767.16
1955	1	86315.283
1955	2	85933.532
1955	3	85685.822
1956	1	86385.222
1956	2	85321.044
1956	3	86418.429
1957	1	87156.9231
1957	2	86753.387
1957	3	85377.203
1958	1	85525.289
1958	2	83855.177
1958	3	84144.527
1959	1	78584.979
1959	2	77563.488
1959	3	77842.21
1960	1	85014.029
1960	2	86142.096
1960	3	86422.828
1961	1	85930.252
1961	2	86140.669
1961	3	86424.961
1962	1	84016.9
1962	2	83380.517
1962	3	85086.402
1963	1	86918.803
1963	2	86313.745
1963	3	86418.068
1964	1	85052.4661
1964	2	86348.191
1964	3	85636.665
1965	1	85738.965
1965	2	86017.464
1965	3	86418.512
1966	1	76871.836
1966	2	76303.85
1966	3	77960.074
1967	1	84722.984
1967	2	85959.926
1967	3	86418.115
1968	1	86336.217
1968	2	86553.827
1968	3	86418.336
1969	1	85284.843
1969	2	86071.863
1969	3	86048.028
1970	1	86827.747
1970	2	85903.737
1970	3	86414.117
1971	1	85165.749
1971	2	84835.928
1971	3	84732.78
1972	1	85827.847
1972	2	86552.371
1972	3	86414.796
1973	1	77902.508
1973	2	77285.121
1973	3	76510.826
1974	1	86429.695
1974	2	86433.973
1974	3	85466.817
1975	1	82002.73
1975	2	81876.851
1975	3	81436.261
1976	1	86410.819
1976	2	83134.836
1976	3	81199.041
1977	1	86583.611
1977	2	85462.061
1977	3	84141.167
1978	1	85906.429
1978	2	84844.6705
1978	3	82835.8456
1979	1	86735.518
1979	2	86449.219
1979	3	86412.701
1980	1	62245.11529
1980	2	62135.291
1980	3	62819.218
1981	1	86538.204
1981	2	86312.468
1981	3	86412.638
1982	1	86461.848
1982	2	86377.819
1982	3	86415.867
1983	1	84850.5327
1983	2	85388.204
1983	3	85821.758
1984	1	86419.913
1984	2	86080.225
1984	3	86414.405
1985	1	85773.642
1985	2	85141.3907
1985	3	85999.422
1986	1	84688.781
1986	2	85881.618
1986	3	85102.74
1987	1	78730.329
1987	2	78253.153
1987	3	78896.932
1988	1	86532.89
1988	2	84531.319
1988	3	86420.58
1989	1	86386.126
1989	2	86138.434
1989	3	87326.46
1990	1	84293.767
1990	2	83542.298
1990	3	80905.86
1991	1	86578.392
1991	2	84941.944
1991	3	85098.168
1992	1	85615.073
1992	2	85565.456
1992	3	85029.664
1993	1	85291.217
1993	2	86432.493
1993	3	86418.055
1994	1	76182.195
1994	2	75460.367
1994	3	75416.778
1995	1	86813.288
1995	2	85408.484
1995	3	86419.457
1996	1	85293.233
1996	2	85514.231
1996	3	86417.262
1997	1	84752.064
1997	2	86093.347
1997	3	85982.66
1998	1	82610.804
1998	2	82567.489
1998	3	84506.969
1999	1	81538.327
1999	2	81564.657
1999	3	79755.107
2000	1	86151.171
2000	2	86967.972
2000	3	85097.299
2001	1	74887.835
2001	2	72192.855
2001	3	75842.898
2002	1	85450.527
2002	2	85887.176
2002	3	86419.473
2003	1	85132.3226
2003	2	85905.222
2003	3	86403.798
2004	1	85880.188
2004	2	85149.161
2004	3	86092.321
2005	1	85735.086
2005	2	86176.763
2005	3	86417.88
2006	1	74015.785
2006	2	72880.184
2006	3	74552.674
2007	1	86385.21
2007	2	84558.424
2007	3	86423.07
2008	1	53115.365
2008	2	54192.477
2008	3	53579.039
2009	1	82166.707
2009	2	78409.912
2009	3	80172.603
2010	1	85035.171
2010	2	85401.335
2010	3	86420.909
2011	1	85766.301
2011	2	85568.413
2011	3	86380.882
2012	1	85964.712
2012	2	86361.812
2012	3	86411.882
2013	1	85818.698
2013	2	85369.034
2013	3	85434.411
2014	1	85425.258
2014	2	86125.724
2014	3	86413.28
2015	1	75594.738
2015	2	74933.754
2015	3	75217.307
2016	1	86809.629
2016	2	86349.906
2016	3	86417.266
2017	1	86587.871
2017	2	86515.086
2017	3	86420.048
2018	1	85827.363
2018	2	85853.031
2018	3	86345.745
2019	1	86229.057
2019	2	86636.165
2019	3	86424.7
2020	1	85986.741
2020	2	86150.136
2020	3	86535.975
2021	1	87065.958
2021	2	85728.156
2021	3	83745.032
2022	1	77439.624
2022	2	78277.092
2022	3	77966.628
2023	1	85217.171
2023	2	85737.062
2023	3	86417.897
2024	1	86151.089
2024	2	85073.416
2024	3	84152.131
2025	1	85081.671
2025	2	85875.767
2025	3	85742.084
2026	1	87055.11
2026	2	85713.102
2026	3	86405.017
2027	1	84436.454
2027	2	85497.826
2027	3	85908.502
2028	1	86346.405
2028	2	86224.009
2028	3	85076.232
2029	1	77948.761
2029	2	77056.298
2029	3	77594.983
2030	1	84612.891
2030	2	86491.99
2030	3	85079.721
2031	1	85870.354
2031	2	85869.533
2031	3	86417.946
2032	1	85526.044
2032	2	85677.747
2032	3	85976.051
2033	1	86046.951
2033	2	86763.541
2033	3	86419.77
2034	1	85734.236
2034	2	86517.331
2034	3	85831.969
2035	1	86176.708
2035	2	85890.299
2035	3	86410.926
2036	1	60815.6227
2036	2	60445.212
2036	3	60846.461
2037	1	86122.529
2037	2	86552.174
2037	3	86416.373
2038	1	85277.207
2038	2	85156.628
2038	3	86419.061
2039	1	85254.304
2039	2	84867.565
2039	3	84453.099
2040	1	86055.922
2040	2	86690.637
2040	3	86418.682
2041	1	86004.687
2041	2	85326.748
2041	3	83850.332
2042	1	85644.452
2042	2	86537.408
2042	3	87318.348
2043	1	77019.07
2043	2	77018.354
2043	3	78159.868
2044	1	65271.913
2044	2	66304.904
2044	3	67089.735
2045	1	85824.397
2045	2	85821.017
2045	3	85088.182
2046	1	85793.36
2046	2	86571.11
2046	3	86413.845
2047	1	80338.434
2047	2	80325.447
2047	3	70869.586
2048	1	71091.221
2048	2	68684.555
2048	3	53223.185
2049	1	60753.198
2049	2	57572.87
2049	3	47272.399
2050	1	53310.712
2050	2	59545.143
2050	3	56815.368
2051	1	79861.767
2051	2	81355.978
2051	3	81852.708
2052	1	84197.179
2052	2	85458.0598
2052	3	82173.525
2053	1	84478.546
2053	2	86175.494
2053	3	85096.31
2054	1	85348.288
2054	2	84674.892
2054	3	85083.73
2055	1	82703.97
2055	2	85645.045
2055	3	84762.472
2056	1	86303.207
2056	2	84598.583
2056	3	84500.445
2057	1	79202.183
2057	2	79883.33
2057	3	78855.221
2058	1	82890.829
2058	2	86361.432
2058	3	85089.267
2059	1	86320.523
2059	2	85664.431
2059	3	87221.442
2060	1	86108.661
2060	2	86016.839
2060	3	86019.942
2061	1	59598.564
2061	2	58796.021
2061	3	58930.424
2064	1	3760.971
2064	2	3152.483
2064	3	2280.512
2065	1	84903.686
2065	2	86489.795
2065	3	86418.349
2066	1	84791.915
2066	2	85496.922
2066	3	85102.814
2067	1	85581.048
2067	2	85824.459
2067	3	85955.251
2068	1	86379.924
2068	2	86062.611
2068	3	86420.364
2069	1	4878.778
2069	2	5459.863
2069	3	7202.391
2070	1	74444.187
2070	2	74578.187
2070	3	74285.96
2071	1	78750.615
2071	2	76982.517
2071	3	81440.851
2072	1	81758.81
2072	2	81904.448
2072	3	81425.294
2073	1	78867.69
2073	2	81756.155
2073	3	78878.789
2074	1	85483.373
2074	2	84818.424
2074	3	83791.801
2075	1	85131.05
2075	2	84565.817
2075	3	85753.786
2076	1	3846.8381
2076	2	4674.58
2076	3	4923.59
