# Fission Isotope Spectra
#  U235, Pu239, Pu241: Log-linear Interpolation of reported Huber spectra
#  U238: Log-linear Interpolation of Muller spectra 
#    
# The columns have the following definitions:
#   Enu: Antineutrino energy [MeV]
#   dNdE_XXX: Antineutrino spectrum [antineutrinos MeV^-1 fission^-1]
#    Enu      dNdE_U235      dNdE_U238     dNdE_Pu239     dNdE_Pu241
     1.8        1.50542        1.64179        1.22781        1.42537
    1.81        1.49556        1.63329        1.21996        1.41661
    1.82        1.48577        1.62484        1.21216         1.4079
    1.83        1.47603        1.61643        1.20442        1.39925
    1.84        1.46636        1.60807        1.19672        1.39065
    1.85        1.45676        1.59975        1.18906         1.3821
    1.86        1.44722        1.59148        1.18146         1.3736
    1.87        1.43774        1.58324        1.17391        1.36516
    1.88        1.42832        1.57505         1.1664        1.35677
    1.89        1.41896         1.5669        1.15895        1.34843
     1.9        1.40967         1.5588        1.15154        1.34014
    1.91        1.40043        1.55073        1.14418         1.3319
    1.92        1.39126        1.54271        1.13686        1.32371
    1.93        1.38214        1.53473        1.12959        1.31558
    1.94        1.37309        1.52679        1.12237        1.30749
    1.95         1.3641        1.51889         1.1152        1.29945
    1.96        1.35516        1.51103        1.10807        1.29146
    1.97        1.34628        1.50321        1.10098        1.28352
    1.98        1.33746        1.49543        1.09394        1.27563
    1.99         1.3287         1.4877        1.08695        1.26779
       2           1.32           1.48           1.08           1.26
    2.01        1.31135        1.47234         1.0731        1.25225
    2.02        1.30276        1.46473        1.06623        1.24456
    2.03        1.29423        1.45715        1.05942        1.23691
    2.04        1.28575        1.44961        1.05265         1.2293
    2.05        1.27733        1.44211        1.04592        1.22175
    2.06        1.26896        1.43465        1.03923        1.21424
    2.07        1.26065        1.42723        1.03258        1.20677
    2.08        1.25239        1.41984        1.02598        1.19935
    2.09        1.24419         1.4125        1.01942        1.19198
     2.1        1.23604        1.40519        1.01291        1.18465
    2.11        1.22794        1.39792        1.00643        1.17737
    2.12         1.2199        1.39069       0.999997        1.17014
    2.13        1.21191        1.38349       0.993603        1.16294
    2.14        1.20397        1.37633       0.987251        1.15579
    2.15        1.19608        1.36921       0.980939        1.14869
    2.16        1.18825        1.36213       0.974668        1.14163
    2.17        1.18046        1.35508       0.968437        1.13461
    2.18        1.17273        1.34807       0.962245        1.12764
    2.19        1.16505         1.3411       0.956094         1.1207
     2.2        1.15742        1.33416       0.949981        1.11382
    2.21        1.14983        1.32725       0.943908        1.10697
    2.22         1.1423        1.32039       0.937873        1.10016
    2.23        1.13482        1.31356       0.931877         1.0934
    2.24        1.12739        1.30676        0.92592        1.08668
    2.25           1.12            1.3           0.92           1.08
    2.26        1.11098        1.29364       0.910973        1.07187
    2.27        1.10203        1.28731       0.902034        1.06379
    2.28        1.09316        1.28101       0.893184        1.05578
    2.29        1.08435        1.27475        0.88442        1.04783
     2.3        1.07562        1.26851       0.875742        1.03994
    2.31        1.06696        1.26231       0.867149         1.0321
    2.32        1.05836        1.25613        0.85864        1.02433
    2.33        1.04984        1.24998       0.850215        1.01661
    2.34        1.04138        1.24387       0.841873        1.00896
    2.35          1.033        1.23778       0.833613        1.00136
    2.36        1.02468        1.23173       0.825433       0.993816
    2.37        1.01643         1.2257       0.817334        0.98633
    2.38        1.00824        1.21971       0.809314       0.978901
    2.39        1.00012        1.21374       0.801373       0.971528
     2.4       0.992064         1.2078        0.79351       0.964211
    2.41       0.984075        1.20189       0.785724       0.956948
    2.42       0.976149        1.19601       0.778015       0.949741
    2.43       0.968287        1.19016       0.770381       0.942587
    2.44       0.960489        1.18434       0.762822       0.935488
    2.45       0.952753        1.17855       0.755337       0.928442
    2.46        0.94508        1.17278       0.747925       0.921449
    2.47       0.937469        1.16704       0.740587       0.914509
    2.48       0.929918        1.16133        0.73332       0.907621
    2.49       0.922429        1.15565       0.726125       0.900785
     2.5          0.915           1.15          0.719          0.894
    2.51       0.908707        1.14359       0.714752       0.888998
    2.52       0.902457        1.13721       0.710529       0.884024
    2.53       0.896251        1.13087       0.706331       0.879078
    2.54       0.890087        1.12457       0.702158        0.87416
    2.55       0.883965         1.1183        0.69801       0.869269
    2.56       0.877885        1.11207       0.693886       0.864406
    2.57       0.871848        1.10587       0.689786       0.859569
    2.58       0.865851         1.0997       0.685711        0.85476
    2.59       0.859896        1.09357        0.68166       0.849978
     2.6       0.853982        1.08747       0.677632       0.845222
    2.61       0.848109        1.08141       0.673629       0.840493
    2.62       0.842276        1.07538       0.669649       0.835791
    2.63       0.836483        1.06939       0.665692       0.831115
    2.64        0.83073        1.06343       0.661759       0.826465
    2.65       0.825017         1.0575        0.65785       0.821841
    2.66       0.819343         1.0516       0.653963       0.817243
    2.67       0.813708        1.04574       0.650099        0.81267
    2.68       0.808111        1.03991       0.646258       0.808123
    2.69       0.802554        1.03411        0.64244       0.803602
     2.7       0.797034        1.02835       0.638644       0.799106
    2.71       0.791552        1.02261       0.634871       0.794635
    2.72       0.786108        1.01691        0.63112       0.790189
    2.73       0.780702        1.01124       0.627392       0.785768
    2.74       0.775332        1.00561       0.623685       0.781372
    2.75           0.77              1           0.62          0.777
    2.76       0.764847       0.994718       0.615415       0.771043
    2.77       0.759728       0.989465       0.610865       0.765131
    2.78       0.754643       0.984239       0.606347       0.759265
    2.79       0.749592        0.97904       0.601864       0.753444
     2.8       0.744576        0.97387       0.597413       0.747667
    2.81       0.739592       0.968726       0.592996       0.741935
    2.82       0.734642        0.96361       0.588611       0.736247
    2.83       0.729726        0.95852       0.584258       0.730602
    2.84       0.724842       0.953458       0.579938       0.725001
    2.85       0.719991       0.948422       0.575649       0.719442
    2.86       0.715172       0.943413       0.571392       0.713926
    2.87       0.710385        0.93843       0.567167       0.708453
    2.88       0.705631       0.933474       0.562973       0.703021
    2.89       0.700908       0.928544        0.55881       0.697631
     2.9       0.696217       0.923639       0.554678       0.692282
    2.91       0.691558       0.918761       0.550576       0.686975
    2.92       0.686929       0.913909       0.546505       0.681708
    2.93       0.682332       0.909082       0.542464       0.676481
    2.94       0.677765        0.90428       0.538453       0.671295
    2.95       0.673229       0.899504       0.534471       0.666148
    2.96       0.668723       0.894754       0.530519       0.661041
    2.97       0.664248       0.890028       0.526596       0.655972
    2.98       0.659802       0.885327       0.522702       0.650943
    2.99       0.655386       0.880651       0.518837       0.645952
       3          0.651          0.876          0.515          0.641
    3.01       0.646765       0.870991       0.509718       0.636429
    3.02       0.642558        0.86601       0.504491       0.631892
    3.03       0.638379       0.861058       0.499317       0.627386
    3.04       0.634226       0.856135       0.494196       0.622913
    3.05         0.6301       0.851239       0.489128       0.618471
    3.06       0.626002       0.846372       0.484112       0.614061
    3.07        0.62193       0.841532       0.479147       0.609683
    3.08       0.617884        0.83672       0.474233       0.605336
    3.09       0.613865       0.831936       0.469369       0.601019
     3.1       0.609872       0.827178       0.464555       0.596734
    3.11       0.605905       0.822448       0.459791       0.592479
    3.12       0.601964       0.817746       0.455076       0.588255
    3.13       0.598048        0.81307       0.450409        0.58406
    3.14       0.594158        0.80842       0.445789       0.579896
    3.15       0.590293       0.803798       0.441218       0.575761
    3.16       0.586453       0.799201       0.436693       0.571655
    3.17       0.582638       0.794631       0.432214       0.567579
    3.18       0.578848       0.790088       0.427781       0.563532
    3.19       0.575083        0.78557       0.423394       0.559514
     3.2       0.571342       0.781078       0.419052       0.555525
    3.21       0.567626       0.776611       0.414754       0.551564
    3.22       0.563933       0.772171       0.410501       0.547631
    3.23       0.560265       0.767755       0.406291       0.543726
    3.24       0.556621       0.763365       0.402124       0.539849
    3.25          0.553          0.759          0.398          0.536
    3.26       0.548654       0.753934        0.39498       0.531737
    3.27       0.544342       0.748902       0.391984       0.527508
    3.28       0.540063       0.743904        0.38901       0.523312
    3.29       0.535819       0.738939       0.386059        0.51915
     3.3       0.531608       0.734007        0.38313       0.515021
    3.31        0.52743       0.729108       0.380223       0.510924
    3.32       0.523284       0.724242       0.377338       0.506861
    3.33       0.519172       0.719409       0.374475       0.502829
    3.34       0.515091       0.714607       0.371634        0.49883
    3.35       0.511043       0.709838       0.368815       0.494863
    3.36       0.507026         0.7051       0.366017       0.490927
    3.37       0.503042       0.700394        0.36324       0.487022
    3.38       0.499088        0.69572       0.360484       0.483149
    3.39       0.495165       0.691076       0.357749       0.479306
     3.4       0.491274       0.686464       0.355035       0.475494
    3.41       0.487413       0.681882       0.352341       0.471712
    3.42       0.483582       0.677331       0.349668        0.46796
    3.43       0.479781       0.672811       0.347015       0.464238
    3.44        0.47601        0.66832       0.344382       0.460546
    3.45       0.472269        0.66386        0.34177       0.456883
    3.46       0.468558       0.659429       0.339177       0.453249
    3.47       0.464875       0.655028       0.336603       0.449644
    3.48       0.461221       0.650656        0.33405       0.446067
    3.49       0.457596       0.646314       0.331515        0.44252
     3.5          0.454          0.642          0.329          0.439
    3.51       0.450005       0.637525       0.325967       0.434839
    3.52       0.446046       0.633081       0.322962       0.430718
    3.53       0.442121       0.628668       0.319985       0.426636
    3.54       0.438231       0.624286       0.317035       0.422593
    3.55       0.434375       0.619934       0.314112       0.418588
    3.56       0.430553       0.615613       0.311216       0.414621
    3.57       0.426765       0.611322       0.308347       0.410692
    3.58        0.42301       0.607061       0.305505       0.406799
    3.59       0.419288       0.602829       0.302689       0.402944
     3.6       0.415599       0.598627       0.299898       0.399125
    3.61       0.411942       0.594455       0.297133       0.395343
    3.62       0.408317       0.590311       0.294394       0.391596
    3.63       0.404725       0.586196        0.29168       0.387885
    3.64       0.401163        0.58211       0.288991       0.384209
    3.65       0.397634       0.578052       0.286327       0.380567
    3.66       0.394135       0.574023       0.283688       0.376961
    3.67       0.390667       0.570022       0.281072       0.373388
    3.68        0.38723       0.566049       0.278481       0.369849
    3.69       0.383823       0.562103       0.275914       0.366344
     3.7       0.380445       0.558185        0.27337       0.362872
    3.71       0.377098       0.554294        0.27085       0.359433
    3.72        0.37378        0.55043       0.268353       0.356027
    3.73       0.370491       0.546594        0.26588       0.352653
    3.74       0.367231       0.542783       0.263428        0.34931
    3.75          0.364          0.539          0.261          0.346
    3.76       0.360904       0.535171       0.257974       0.343181
    3.77       0.357834       0.531368       0.254983       0.340385
    3.78        0.35479       0.527593       0.252027       0.337611
    3.79       0.351772       0.523845       0.249106        0.33486
     3.8       0.348779       0.520123       0.246218       0.332132
    3.81       0.345812       0.516428       0.243363       0.329426
    3.82       0.342871       0.512759       0.240542       0.326742
    3.83       0.339954       0.509116       0.237753       0.324079
    3.84       0.337062       0.505499       0.234997       0.321439
    3.85       0.334195       0.501908       0.232273        0.31882
    3.86       0.331352       0.498342        0.22958       0.316222
    3.87       0.328533       0.494801       0.226918       0.313646
    3.88       0.325739       0.491286       0.224288        0.31109
    3.89       0.322968       0.487796       0.221687       0.308555
     3.9        0.32022        0.48433       0.219117       0.306041
    3.91       0.317496       0.480889       0.216577       0.303548
    3.92       0.314796       0.477473       0.214066       0.301074
    3.93       0.312118        0.47408       0.211585       0.298621
    3.94       0.309463       0.470712       0.209132       0.296188
    3.95        0.30683       0.467368       0.206707       0.293775
    3.96        0.30422       0.464048       0.204311       0.291381
    3.97       0.301632       0.460751       0.201942       0.289007
    3.98       0.299066       0.457477       0.199601       0.286652
    3.99       0.296522       0.454227       0.197287       0.284317
       4          0.294          0.451          0.195          0.282
    4.01       0.291127       0.447297       0.193317       0.279213
    4.02       0.288282       0.443625       0.191648       0.276454
    4.03       0.285465       0.439982       0.189993       0.273722
    4.04       0.282676        0.43637       0.188353       0.271017
    4.05       0.279913       0.432787       0.186727       0.268339
    4.06       0.277178       0.429234       0.185115       0.265687
    4.07       0.274469        0.42571       0.183517       0.263062
    4.08       0.271787       0.422215       0.181933       0.260462
    4.09       0.269131       0.418748       0.180362       0.257888
     4.1       0.266501        0.41531       0.178805        0.25534
    4.11       0.263897         0.4119       0.177262       0.252817
    4.12       0.261318       0.408518       0.175732       0.250318
    4.13       0.258765       0.405164       0.174215       0.247845
    4.14       0.256236       0.401838       0.172711       0.245395
    4.15       0.253732       0.398538        0.17122        0.24297
    4.16       0.251253       0.395266       0.169742       0.240569
    4.17       0.248798       0.392021       0.168276       0.238192
    4.18       0.246366       0.388802       0.166824       0.235838
    4.19       0.243959        0.38561       0.165383       0.233508
     4.2       0.241575       0.382444       0.163956         0.2312
    4.21       0.239214       0.379304        0.16254       0.228915
    4.22       0.236877        0.37619       0.161137       0.226653
    4.23       0.234562       0.373101       0.159746       0.224413
    4.24        0.23227       0.370038       0.158367       0.222196
    4.25           0.23          0.367          0.157           0.22
    4.26       0.227705       0.363709       0.154948       0.217535
    4.27       0.225433       0.360448       0.152923       0.215099
    4.28       0.223184       0.357215       0.150925       0.212689
    4.29       0.220957       0.354012       0.148953       0.210306
     4.3       0.218752       0.350838       0.147006        0.20795
    4.31        0.21657       0.347692       0.145085       0.205621
    4.32       0.214409       0.344574       0.143189       0.203317
    4.33        0.21227       0.341484       0.141318        0.20104
    4.34       0.210152       0.338422       0.139471       0.198788
    4.35       0.208055       0.335387       0.137648       0.196561
    4.36       0.205979        0.33238        0.13585       0.194359
    4.37       0.203924       0.329399       0.134074       0.192182
    4.38       0.201889       0.326446       0.132322       0.190029
    4.39       0.199875       0.323518       0.130593         0.1879
     4.4        0.19788       0.320617       0.128886       0.185795
    4.41       0.195906       0.317742       0.127202       0.183714
    4.42       0.193951       0.314893        0.12554       0.181656
    4.43       0.192016       0.312069       0.123899       0.179621
    4.44         0.1901       0.309271        0.12228       0.177608
    4.45       0.188204       0.306498       0.120682       0.175619
    4.46       0.186326       0.303749       0.119105       0.173651
    4.47       0.184467       0.301026       0.117548       0.171706
    4.48       0.182626       0.298326       0.116012       0.169783
    4.49       0.180804       0.295651       0.114496       0.167881
     4.5          0.179          0.293          0.113          0.166
    4.51       0.177147       0.290277        0.11163       0.164127
    4.52       0.175313       0.287579       0.110277       0.162275
    4.53       0.173499       0.284906        0.10894       0.160444
    4.54       0.171703       0.282258       0.107619       0.158634
    4.55       0.169925       0.279635       0.106314       0.156844
    4.56       0.168166       0.277036       0.105025       0.155075
    4.57       0.166426       0.274461       0.103752       0.153325
    4.58       0.164703       0.271911       0.102494       0.151595
    4.59       0.162998       0.269383       0.101252       0.149885
     4.6       0.161311        0.26688       0.100024       0.148193
    4.61       0.159641       0.264399      0.0988116       0.146521
    4.62       0.157989       0.261942      0.0976136       0.144868
    4.63       0.156353       0.259508      0.0964302       0.143234
    4.64       0.154735       0.257096      0.0952611       0.141618
    4.65       0.153133       0.254706      0.0941062        0.14002
    4.66       0.151548       0.252339      0.0929653        0.13844
    4.67       0.149979       0.249994      0.0918383       0.136878
    4.68       0.148427       0.247671      0.0907249       0.135334
    4.69        0.14689       0.245369       0.089625       0.133807
     4.7        0.14537       0.243088      0.0885384       0.132297
    4.71       0.143865       0.240829       0.087465       0.130804
    4.72       0.142376       0.238591      0.0864046       0.129328
    4.73       0.140902       0.236373      0.0853571       0.127869
    4.74       0.139443       0.234176      0.0843223       0.126426
    4.75          0.138          0.232         0.0833          0.125
    4.76       0.136754       0.229809      0.0822844       0.123759
    4.77       0.135519       0.227638      0.0812812        0.12253
    4.78       0.134295       0.225488      0.0802903       0.121313
    4.79       0.133083       0.223358      0.0793114       0.120109
     4.8       0.131881       0.221249      0.0783444       0.118916
    4.81        0.13069       0.219159      0.0773893       0.117735
    4.82        0.12951       0.217089      0.0764457       0.116566
    4.83        0.12834       0.215038      0.0755137       0.115408
    4.84       0.127182       0.213007      0.0745931       0.114262
    4.85       0.126033       0.210996      0.0736837       0.113128
    4.86       0.124895       0.209003      0.0727853       0.112005
    4.87       0.123767       0.207029      0.0718979       0.110892
    4.88        0.12265       0.205073      0.0710214       0.109791
    4.89       0.121542       0.203136      0.0701555       0.108701
     4.9       0.120445       0.201218      0.0693002       0.107622
    4.91       0.119357       0.199317      0.0684553       0.106553
    4.92       0.118279       0.197434      0.0676207       0.105495
    4.93       0.117211        0.19557      0.0667963       0.104447
    4.94       0.116153       0.193722      0.0659819        0.10341
    4.95       0.115104       0.191893      0.0651775       0.102383
    4.96       0.114065        0.19008      0.0643828       0.101367
    4.97       0.113035       0.188285      0.0635979        0.10036
    4.98       0.112014       0.186507      0.0628225      0.0993635
    4.99       0.111002       0.184745      0.0620566      0.0983769
       5           0.11          0.183         0.0613         0.0974
    5.01       0.108943       0.181203      0.0607183      0.0963717
    5.02       0.107895       0.179425      0.0601422      0.0953542
    5.03       0.106858       0.177663      0.0595715      0.0943475
    5.04       0.105831       0.175919      0.0590063      0.0933514
    5.05       0.104813       0.174192      0.0584464      0.0923658
    5.06       0.103806       0.172482      0.0578918      0.0913906
    5.07       0.102808       0.170789      0.0573425      0.0904258
    5.08        0.10182       0.169112      0.0567984      0.0894711
    5.09       0.100841       0.167452      0.0562595      0.0885265
     5.1      0.0998714       0.165808      0.0557256      0.0875918
    5.11      0.0989113        0.16418      0.0551969      0.0866671
    5.12      0.0979605       0.162568      0.0546731      0.0857521
    5.13      0.0970187       0.160972      0.0541544      0.0848467
    5.14      0.0960861       0.159392      0.0536405      0.0839509
    5.15      0.0951624       0.157827      0.0531315      0.0830646
    5.16      0.0942476       0.156278      0.0526274      0.0821876
    5.17      0.0933415       0.154744       0.052128      0.0813199
    5.18      0.0924442       0.153225      0.0516334      0.0804614
    5.19      0.0915556        0.15172      0.0511435      0.0796119
     5.2      0.0906754       0.150231      0.0506582      0.0787713
    5.21      0.0898037       0.148756      0.0501775      0.0779397
    5.22      0.0889404       0.147296      0.0497014      0.0771168
    5.23      0.0880854        0.14585      0.0492298      0.0763027
    5.24      0.0872386       0.144418      0.0487627      0.0754971
    5.25         0.0864          0.143         0.0483         0.0747
    5.26      0.0854009       0.141507      0.0477034      0.0738334
    5.27      0.0844134        0.14003      0.0471142      0.0729769
    5.28      0.0834373       0.138568      0.0465322      0.0721304
    5.29      0.0824724       0.137121      0.0459575      0.0712936
     5.3      0.0815187        0.13569      0.0453898      0.0704666
    5.31      0.0805761       0.134273      0.0448292      0.0696492
    5.32      0.0796444       0.132872      0.0442754      0.0688412
    5.33      0.0787234       0.131484      0.0437286      0.0680426
    5.34      0.0778131       0.130112      0.0431884      0.0672533
    5.35      0.0769133       0.128753       0.042655      0.0664731
    5.36      0.0760239       0.127409      0.0421281       0.065702
    5.37      0.0751448       0.126079      0.0416077      0.0649398
    5.38      0.0742758       0.124763      0.0410938      0.0641865
    5.39      0.0734169        0.12346      0.0405862      0.0634419
     5.4       0.072568       0.122172      0.0400849       0.062706
    5.41      0.0717288       0.120896      0.0395898      0.0619785
    5.42      0.0708994       0.119634      0.0391008      0.0612596
    5.43      0.0700795       0.118385      0.0386178      0.0605489
    5.44      0.0692692       0.117149      0.0381408      0.0598465
    5.45      0.0684682       0.115926      0.0376697      0.0591523
    5.46      0.0676764       0.114716      0.0372044      0.0584661
    5.47      0.0668939       0.113518      0.0367449      0.0577879
    5.48      0.0661203       0.112333       0.036291      0.0571175
    5.49      0.0653557        0.11116      0.0358427      0.0564549
     5.5         0.0646           0.11         0.0354         0.0558
    5.51      0.0639921       0.108794      0.0351284      0.0551217
    5.52      0.0633898       0.107601      0.0348589      0.0544516
    5.53      0.0627933       0.106421      0.0345915      0.0537897
    5.54      0.0622023       0.105254      0.0343261      0.0531358
    5.55      0.0616169         0.1041      0.0340627      0.0524899
    5.56      0.0610371       0.102959      0.0338014      0.0518518
    5.57      0.0604626        0.10183       0.033542      0.0512215
    5.58      0.0598936       0.100713      0.0332847      0.0505988
    5.59        0.05933       0.099609      0.0330293      0.0499838
     5.6      0.0587716      0.0985168      0.0327759      0.0493762
    5.61      0.0582185      0.0974366      0.0325245      0.0487759
    5.62      0.0576706      0.0963682      0.0322749       0.048183
    5.63      0.0571279      0.0953115      0.0320273      0.0475973
    5.64      0.0565902      0.0942665      0.0317816      0.0470187
    5.65      0.0560577      0.0932328      0.0315378      0.0464471
    5.66      0.0555301      0.0922106      0.0312958      0.0458825
    5.67      0.0550075      0.0911995      0.0310557      0.0453247
    5.68      0.0544899      0.0901995      0.0308174      0.0447738
    5.69       0.053977      0.0892105       0.030581      0.0442295
     5.7      0.0534691      0.0882323      0.0303464      0.0436918
    5.71      0.0529659      0.0872649      0.0301136      0.0431607
    5.72      0.0524674       0.086308      0.0298825       0.042636
    5.73      0.0519736      0.0853617      0.0296533      0.0421178
    5.74      0.0514845      0.0844257      0.0294258      0.0416058
    5.75          0.051         0.0835         0.0292         0.0411
    5.76      0.0504505      0.0825169      0.0287144      0.0406125
    5.77      0.0499069      0.0815453      0.0282369      0.0401309
    5.78      0.0493692      0.0805852      0.0277673      0.0396549
    5.79      0.0488372      0.0796363      0.0273055      0.0391846
     5.8       0.048311      0.0786987      0.0268514      0.0387198
    5.81      0.0477905      0.0777721      0.0264048      0.0382606
    5.82      0.0472755      0.0768564      0.0259657      0.0378068
    5.83      0.0467661      0.0759515      0.0255339      0.0373584
    5.84      0.0462623      0.0750572      0.0251092      0.0369153
    5.85      0.0457638      0.0741735      0.0246917      0.0364775
    5.86      0.0452707      0.0733001       0.024281      0.0360449
    5.87      0.0447829      0.0724371      0.0238772      0.0356174
    5.88      0.0443004      0.0715842      0.0234801      0.0351949
    5.89      0.0438231      0.0707414      0.0230896      0.0347775
     5.9      0.0433509      0.0699084      0.0227056       0.034365
    5.91      0.0428838      0.0690853       0.022328      0.0339574
    5.92      0.0424217      0.0682719      0.0219567      0.0335547
    5.93      0.0419646      0.0674681      0.0215916      0.0331567
    5.94      0.0415125      0.0666737      0.0212325      0.0327635
    5.95      0.0410652      0.0658886      0.0208794      0.0323749
    5.96      0.0406227      0.0651129      0.0205321      0.0319909
    5.97       0.040185      0.0643462      0.0201907      0.0316115
    5.98       0.039752      0.0635886      0.0198549      0.0312366
    5.99      0.0393237      0.0628399      0.0195247      0.0308661
       6         0.0389         0.0621         0.0192         0.0305
    6.01      0.0384297      0.0614118      0.0188911      0.0299774
    6.02      0.0379651      0.0607312      0.0185872      0.0294638
    6.03      0.0375061      0.0600582      0.0182882       0.028959
    6.04      0.0370526      0.0593926       0.017994      0.0284628
    6.05      0.0366046      0.0587344      0.0177045      0.0279752
    6.06      0.0361621      0.0580835      0.0174196      0.0274959
    6.07      0.0357249      0.0574399      0.0171394      0.0270248
    6.08      0.0352929      0.0568033      0.0168637      0.0265618
    6.09      0.0348662      0.0561738      0.0165924      0.0261067
     6.1      0.0344447      0.0555513      0.0163254      0.0256594
    6.11      0.0340283      0.0549357      0.0160628      0.0252197
    6.12      0.0336169      0.0543269      0.0158044      0.0247876
    6.13      0.0332104      0.0537248      0.0155501      0.0243629
    6.14      0.0328089      0.0531294         0.0153      0.0239455
    6.15      0.0324122      0.0525406      0.0150538      0.0235353
    6.16      0.0320204      0.0519584      0.0148116       0.023132
    6.17      0.0316332      0.0513826      0.0145733      0.0227357
    6.18      0.0312508      0.0508131      0.0143389      0.0223462
    6.19       0.030873        0.05025      0.0141082      0.0219633
     6.2      0.0304997      0.0496932      0.0138812       0.021587
    6.21      0.0301309      0.0491425      0.0136579      0.0212171
    6.22      0.0297667      0.0485979      0.0134382      0.0208536
    6.23      0.0294068      0.0480593       0.013222      0.0204963
    6.24      0.0290512      0.0475267      0.0130093      0.0201452
    6.25         0.0287          0.047         0.0128         0.0198
    6.26      0.0283808       0.046491      0.0126732       0.019602
    6.27      0.0280652      0.0459876      0.0125477      0.0194059
    6.28      0.0277531      0.0454896      0.0124234      0.0192118
    6.29      0.0274444       0.044997      0.0123003      0.0190196
     6.3      0.0271392      0.0445097      0.0121785      0.0188294
    6.31      0.0268374      0.0440277      0.0120579      0.0186411
    6.32      0.0265389       0.043551      0.0119384      0.0184546
    6.33      0.0262438      0.0430793      0.0118202        0.01827
    6.34      0.0259519      0.0426128      0.0117031      0.0180873
    6.35      0.0256633      0.0421514      0.0115872      0.0179064
    6.36      0.0253779      0.0416949      0.0114724      0.0177273
    6.37      0.0250957      0.0412434      0.0113588      0.0175499
    6.38      0.0248166      0.0407968      0.0112463      0.0173744
    6.39      0.0245406       0.040355      0.0111349      0.0172006
     6.4      0.0242677       0.039918      0.0110246      0.0170286
    6.41      0.0239978      0.0394857      0.0109154      0.0168583
    6.42      0.0237309      0.0390582      0.0108073      0.0166896
    6.43       0.023467      0.0386352      0.0107002      0.0165227
    6.44       0.023206      0.0382168      0.0105942      0.0163574
    6.45       0.022948       0.037803      0.0104893      0.0161938
    6.46      0.0226928      0.0373936      0.0103854      0.0160319
    6.47      0.0224404      0.0369887      0.0102825      0.0158715
    6.48      0.0221908      0.0365881      0.0101807      0.0157128
    6.49       0.021944      0.0361919      0.0100798      0.0155556
     6.5         0.0217         0.0358        0.00998         0.0154
    6.51      0.0214424      0.0354035     0.00986871      0.0151886
    6.52       0.021188      0.0350114     0.00975865        0.01498
    6.53      0.0209365      0.0346237     0.00964983      0.0147744
    6.54       0.020688      0.0342402     0.00954221      0.0145715
    6.55      0.0204425       0.033861      0.0094358      0.0143715
    6.56      0.0201998       0.033486     0.00933057      0.0141742
    6.57      0.0199601      0.0331152     0.00922652      0.0139796
    6.58      0.0197232      0.0327484     0.00912363      0.0137877
    6.59      0.0194891      0.0323858     0.00902188      0.0135984
     6.6      0.0192578      0.0320271     0.00892127      0.0134117
    6.61      0.0190292      0.0316724     0.00882179      0.0132275
    6.62      0.0188034      0.0313216     0.00872341      0.0130459
    6.63      0.0185802      0.0309748     0.00862613      0.0128668
    6.64      0.0183597      0.0306317     0.00852993      0.0126902
    6.65      0.0181418      0.0302925      0.0084348       0.012516
    6.66      0.0179264       0.029957     0.00834074      0.0123441
    6.67      0.0177137      0.0296252     0.00824773      0.0121747
    6.68      0.0175034      0.0292971     0.00815575      0.0120075
    6.69      0.0172957      0.0289727      0.0080648      0.0118427
     6.7      0.0170904      0.0286518     0.00797486      0.0116801
    6.71      0.0168876      0.0283345     0.00788593      0.0115197
    6.72      0.0166871      0.0280207     0.00779799      0.0113616
    6.73      0.0164891      0.0277104     0.00771102      0.0112056
    6.74      0.0162934      0.0274035     0.00762503      0.0110517
    6.75         0.0161         0.0271        0.00754         0.0109
    6.76      0.0158792      0.0267456     0.00741593      0.0107523
    6.77      0.0156615      0.0263958      0.0072939      0.0106066
    6.78      0.0154467      0.0260506     0.00717388      0.0104629
    6.79      0.0152349      0.0257099     0.00705584      0.0103211
     6.8      0.0150259      0.0253736     0.00693974      0.0101813
    6.81      0.0148199      0.0250418     0.00682554      0.0100433
    6.82      0.0146167      0.0247143     0.00671323     0.00990721
    6.83      0.0144162       0.024391     0.00660277     0.00977297
    6.84      0.0142185       0.024072     0.00649412     0.00964054
    6.85      0.0140235      0.0237572     0.00638726     0.00950991
    6.86      0.0138312      0.0234465     0.00628216     0.00938105
    6.87      0.0136416      0.0231399     0.00617879     0.00925394
    6.88      0.0134545      0.0228372     0.00607712     0.00912855
    6.89        0.01327      0.0225385     0.00597712     0.00900485
     6.9       0.013088      0.0222438     0.00587877     0.00888284
    6.91      0.0129085      0.0219529     0.00578203     0.00876247
    6.92      0.0127315      0.0216657     0.00568689     0.00864374
    6.93      0.0125569      0.0213824     0.00559331     0.00852661
    6.94      0.0123847      0.0211027     0.00550128     0.00841108
    6.95      0.0122149      0.0208268     0.00541075     0.00829711
    6.96      0.0120474      0.0205544     0.00532172     0.00818468
    6.97      0.0118822      0.0202855     0.00523415     0.00807378
    6.98      0.0117192      0.0200202     0.00514803     0.00796437
    6.99      0.0115585      0.0197584     0.00506332     0.00785646
       7         0.0114         0.0195        0.00498        0.00775
    7.01      0.0111905      0.0192038     0.00489631     0.00758127
    7.02      0.0109848      0.0189121     0.00481403     0.00741621
    7.03       0.010783      0.0186248     0.00473312     0.00725475
    7.04      0.0105848      0.0183419     0.00465358      0.0070968
    7.05      0.0103903      0.0180633     0.00457538     0.00694229
    7.06      0.0101993       0.017789     0.00449849     0.00679115
    7.07      0.0100119      0.0175188     0.00442289     0.00664329
    7.08     0.00982792      0.0172527     0.00434856     0.00649866
    7.09      0.0096473      0.0169906     0.00427548     0.00635717
     7.1     0.00947001      0.0167325     0.00420363     0.00621876
    7.11     0.00929598      0.0164784     0.00413299     0.00608337
    7.12     0.00912514      0.0162281     0.00406353     0.00595093
    7.13     0.00895745      0.0159816     0.00399524     0.00582136
    7.14     0.00879283      0.0157388      0.0039281     0.00569462
    7.15     0.00863124      0.0154998     0.00386209     0.00557064
    7.16     0.00847263      0.0152643     0.00379719     0.00544936
    7.17     0.00831692      0.0150325     0.00373337     0.00533072
    7.18     0.00816408      0.0148041     0.00367063     0.00521466
    7.19     0.00801404      0.0145793     0.00360895     0.00510113
     7.2     0.00786677      0.0143578      0.0035483     0.00499007
    7.21      0.0077222      0.0141397     0.00348867     0.00488142
    7.22     0.00758028      0.0139249     0.00343004     0.00477515
    7.23     0.00744098      0.0137134      0.0033724     0.00467118
    7.24     0.00730423      0.0135051     0.00331572     0.00456949
    7.25        0.00717         0.0133        0.00326        0.00447
    7.26     0.00704627      0.0130731     0.00319367      0.0043933
    7.27     0.00692467        0.01285     0.00312869     0.00431792
    7.28     0.00680517      0.0126308     0.00306504     0.00424383
    7.29     0.00668773      0.0124153     0.00300267     0.00417102
     7.3     0.00657232      0.0122035     0.00294158     0.00409945
    7.31      0.0064589      0.0119953     0.00288173     0.00402911
    7.32     0.00634744      0.0117906      0.0028231     0.00395998
    7.33     0.00623791      0.0115895     0.00276566     0.00389203
    7.34     0.00613026      0.0113918     0.00270939     0.00382525
    7.35     0.00602447      0.0111974     0.00265427     0.00375962
    7.36      0.0059205      0.0110064     0.00260026     0.00369511
    7.37     0.00581833      0.0108186     0.00254736     0.00363171
    7.38     0.00571793       0.010634     0.00249553     0.00356939
    7.39     0.00561925      0.0104526     0.00244475     0.00350815
     7.4     0.00552228      0.0102743     0.00239501     0.00344796
    7.41     0.00542698       0.010099     0.00234628      0.0033888
    7.42     0.00533333     0.00992667     0.00229855     0.00333065
    7.43     0.00524129     0.00975731     0.00225178      0.0032735
    7.44     0.00515084     0.00959084     0.00220596     0.00321734
    7.45     0.00506195     0.00942721     0.00216108     0.00316213
    7.46      0.0049746     0.00926637     0.00211711     0.00310787
    7.47     0.00488875     0.00910828     0.00207404     0.00305455
    7.48     0.00480439     0.00895288     0.00203184     0.00300214
    7.49     0.00472148     0.00880014      0.0019905     0.00295063
     7.5        0.00464        0.00865        0.00195         0.0029
    7.51     0.00455793     0.00852492     0.00188603     0.00284393
    7.52     0.00447731     0.00840165     0.00182416     0.00278894
    7.53     0.00439812     0.00828017     0.00176432     0.00273502
    7.54     0.00432032     0.00816044     0.00170644     0.00268214
    7.55     0.00424391     0.00804244     0.00165046     0.00263028
    7.56     0.00416884     0.00792615     0.00159631     0.00257943
    7.57      0.0040951     0.00781154     0.00154395     0.00252956
    7.58     0.00402267     0.00769858      0.0014933     0.00248065
    7.59     0.00395152     0.00758726     0.00144431     0.00243269
     7.6     0.00388162     0.00747755     0.00139693     0.00238565
    7.61     0.00381297     0.00736943      0.0013511     0.00233952
    7.62     0.00374552     0.00726287     0.00130678     0.00229429
    7.63     0.00367927     0.00715785     0.00126391     0.00224993
    7.64     0.00361419     0.00705435     0.00122245     0.00220643
    7.65     0.00355027     0.00695234     0.00118234     0.00216377
    7.66     0.00348747     0.00685181     0.00114356     0.00212194
    7.67     0.00342579     0.00675274     0.00110604     0.00208091
    7.68     0.00336519     0.00665509     0.00106976     0.00204067
    7.69     0.00330567     0.00655886     0.00103466     0.00200122
     7.7      0.0032472     0.00646402     0.00100072     0.00196253
    7.71     0.00318976     0.00637055    0.000967894     0.00192458
    7.72     0.00313334     0.00627844    0.000936142     0.00188737
    7.73     0.00307792     0.00618765    0.000905431     0.00185088
    7.74     0.00302348     0.00609818    0.000875728     0.00181509
    7.75        0.00297        0.00601       0.000847        0.00178
    7.76     0.00289886     0.00590327    0.000834668     0.00174347
    7.77     0.00282942     0.00579844    0.000822515      0.0017077
    7.78     0.00276164     0.00569547    0.000810539     0.00167265
    7.79     0.00269549     0.00559432    0.000798738     0.00163833
     7.8     0.00263092     0.00549498    0.000787108     0.00160471
    7.81      0.0025679     0.00539739    0.000775648     0.00157178
    7.82     0.00250639     0.00530154    0.000764354     0.00153953
    7.83     0.00244635      0.0052074    0.000753225     0.00150794
    7.84     0.00238775     0.00511492    0.000742258     0.00147699
    7.85     0.00233056     0.00502409    0.000731451     0.00144669
    7.86     0.00227473     0.00493487    0.000720801       0.001417
    7.87     0.00222024     0.00484723    0.000710306     0.00138792
    7.88     0.00216706     0.00476115    0.000699964     0.00135944
    7.89     0.00211515      0.0046766    0.000689773     0.00133155
     7.9     0.00206448     0.00459355     0.00067973     0.00130422
    7.91     0.00201503     0.00451198    0.000669833     0.00127746
    7.92     0.00196676     0.00443185     0.00066008     0.00125125
    7.93     0.00191965     0.00435315    0.000650469     0.00122557
    7.94     0.00187367     0.00427584    0.000640998     0.00120042
    7.95     0.00182879     0.00419991    0.000631666     0.00117579
    7.96     0.00178498     0.00412532    0.000622468     0.00115166
    7.97     0.00174222     0.00405207    0.000613405     0.00112803
    7.98     0.00170049     0.00398011    0.000604474     0.00110488
    7.99     0.00165976     0.00390943    0.000595673     0.00108221
       8        0.00162        0.00384       0.000587        0.00106
    8.01     0.00158119     0.00377181    0.000578453     0.00103825
    8.02     0.00154332     0.00370483    0.000570031     0.00101694
    8.03     0.00150635     0.00363903    0.000561731    0.000996075
    8.04     0.00147027     0.00357441    0.000553553    0.000975636
    8.05     0.00143505     0.00351093    0.000545493    0.000955615
    8.06     0.00140067     0.00344858     0.00053755    0.000936006
    8.07     0.00136712     0.00338734    0.000529724    0.000916799
    8.08     0.00133437     0.00332719    0.000522011    0.000897986
    8.09     0.00130241      0.0032681     0.00051441    0.000879559
     8.1     0.00127121     0.00321007    0.000506921     0.00086151
    8.11     0.00124076     0.00315306     0.00049954    0.000843831
    8.12     0.00121104     0.00309707    0.000492267    0.000826516
    8.13     0.00118203     0.00304207    0.000485099    0.000809555
    8.14     0.00115372     0.00298804    0.000478036    0.000792943
    8.15     0.00112608     0.00293498    0.000471076    0.000776672
    8.16     0.00109911     0.00288286    0.000464217    0.000760734
    8.17     0.00107278     0.00283166    0.000457458    0.000745123
    8.18     0.00104708     0.00278138    0.000450797    0.000729833
    8.19       0.001022     0.00273199    0.000444234    0.000714857
     8.2    0.000997521     0.00268347    0.000437766    0.000700188
    8.21    0.000973626     0.00263581    0.000431392     0.00068582
    8.22    0.000950304     0.00258901    0.000425111    0.000671747
    8.23    0.000927541     0.00254303    0.000418921    0.000657962
    8.24    0.000905322     0.00249787    0.000412822     0.00064446
    8.25    0.000883636     0.00245351    0.000406811    0.000631236
    8.26     0.00086247     0.00240994    0.000400888    0.000618283
    8.27     0.00084181     0.00236714    0.000395051    0.000605595
    8.28    0.000821646     0.00232511    0.000389299    0.000593168
    8.29    0.000801964     0.00228382    0.000383631    0.000580996
     8.3    0.000782754     0.00224326    0.000378045    0.000569074
    8.31    0.000764004     0.00220342    0.000372541    0.000557397
    8.32    0.000745703     0.00216429    0.000367117    0.000545959
    8.33    0.000727841     0.00212586    0.000361771    0.000534755
    8.34    0.000710406     0.00208811    0.000356504    0.000523782
    8.35    0.000693389     0.00205102    0.000351313    0.000513034
    8.36     0.00067678      0.0020146    0.000346198    0.000502506
    8.37    0.000660568     0.00197882    0.000341158    0.000492195
    8.38    0.000644745     0.00194368     0.00033619    0.000482095
    8.39    0.000629301     0.00190917    0.000331295    0.000472202
     8.4    0.000614227     0.00187526    0.000326472    0.000462512
    8.41    0.000599514     0.00184196    0.000321718    0.000453021
    8.42    0.000585153     0.00180925    0.000317034    0.000443725
    8.43    0.000571136     0.00177712    0.000312418     0.00043462
    8.44    0.000557455     0.00174556    0.000307869    0.000425701
    8.45    0.000544102     0.00171456    0.000303387    0.000416966
    8.46    0.000531069     0.00168411    0.000298969     0.00040841
    8.47    0.000518348     0.00165421    0.000294616    0.000400029
    8.48    0.000505931     0.00162483    0.000290327     0.00039182
    8.49    0.000493812     0.00159598      0.0002861     0.00038378
     8.5    0.000481983     0.00156763    0.000281934    0.000375905
    8.51    0.000470438      0.0015398    0.000277829    0.000368191
    8.52    0.000459169     0.00151245    0.000273784    0.000360635
    8.53     0.00044817     0.00148559    0.000269798    0.000353235
    8.54    0.000437435     0.00145921    0.000265869    0.000345987
    8.55    0.000426957      0.0014333    0.000261998    0.000338887
    8.56    0.000416729     0.00140784    0.000258184    0.000331933
    8.57    0.000406747     0.00138284    0.000254424    0.000325121
    8.58    0.000397004     0.00135828     0.00025072     0.00031845
    8.59    0.000387494     0.00133416     0.00024707    0.000311915
     8.6    0.000378212     0.00131047    0.000243472    0.000305515
    8.61    0.000369153      0.0012872    0.000239927    0.000299245
    8.62     0.00036031     0.00126434    0.000236434    0.000293105
    8.63    0.000351679     0.00124189    0.000232991     0.00028709
    8.64    0.000343255     0.00121983    0.000229599    0.000281199
    8.65    0.000335033     0.00119817    0.000226256    0.000275429
    8.66    0.000327007     0.00117689    0.000222962    0.000269777
    8.67    0.000319174     0.00115599    0.000219715    0.000264241
    8.68    0.000311529     0.00113546    0.000216516    0.000258819
    8.69    0.000304067      0.0011153    0.000213364    0.000253508
     8.7    0.000296783     0.00109549    0.000210257    0.000248305
    8.71    0.000289674     0.00107604    0.000207196     0.00024321
    8.72    0.000282735     0.00105693    0.000204179    0.000238219
    8.73    0.000275962     0.00103816    0.000201206    0.000233331
    8.74    0.000269352     0.00101973    0.000198277    0.000228543
    8.75      0.0002629     0.00100162     0.00019539    0.000223853
    8.76    0.000256603    0.000983829    0.000192545     0.00021926
    8.77    0.000250456    0.000966358    0.000189742     0.00021476
    8.78    0.000244457    0.000949197    0.000186979    0.000210354
    8.79    0.000238601    0.000932341    0.000184257    0.000206037
     8.8    0.000232885    0.000915784    0.000181574    0.000201809
    8.81    0.000227307    0.000899521     0.00017893    0.000197668
    8.82    0.000221862    0.000883546    0.000176325    0.000193612
    8.83    0.000216548    0.000867856    0.000173758    0.000189639
    8.84     0.00021136    0.000852444    0.000171228    0.000185747
    8.85    0.000206298    0.000837306    0.000168735    0.000181936
    8.86    0.000201356    0.000822437    0.000166278    0.000178202
    8.87    0.000196533    0.000807831    0.000163857    0.000174546
    8.88    0.000191825    0.000793485    0.000161471    0.000170964
    8.89     0.00018723    0.000779394     0.00015912    0.000167456
     8.9    0.000182745    0.000765553    0.000156803    0.000164019
    8.91    0.000178368    0.000751958     0.00015452    0.000160654
    8.92    0.000174095    0.000738605     0.00015227    0.000157357
    8.93    0.000169925    0.000725488    0.000150053    0.000154128
    8.94    0.000165854    0.000712605    0.000147869    0.000150965
    8.95    0.000161882     0.00069995    0.000145716    0.000147867
    8.96    0.000158004     0.00068752    0.000143594    0.000144833
    8.97    0.000154219     0.00067531    0.000141503    0.000141861
    8.98    0.000150525    0.000663318    0.000139443     0.00013895
    8.99    0.000146919    0.000651538    0.000137413    0.000136099
       9      0.0001434    0.000639968    0.000135412    0.000133306
    9.01    0.000139965    0.000628603     0.00013344     0.00013057
    9.02    0.000136612     0.00061744    0.000131497    0.000127891
    9.03     0.00013334    0.000606475    0.000129583    0.000125267
    9.04    0.000130146    0.000595705    0.000127696    0.000122696
    9.05    0.000127028    0.000585126    0.000125837    0.000120178
    9.06    0.000123986    0.000574735    0.000124005    0.000117712
    9.07    0.000121016    0.000564529    0.000122199    0.000115297
    9.08    0.000118117    0.000554504     0.00012042    0.000112931
    9.09    0.000115288    0.000544656    0.000118667    0.000110614
     9.1    0.000112526    0.000534984    0.000116939    0.000108344
    9.11    0.000109831    0.000525484    0.000115236     0.00010612
    9.12      0.0001072    0.000516152    0.000113558    0.000103943
    9.13    0.000104632    0.000506986    0.000111905     0.00010181
    9.14    0.000102125    0.000497982    0.000110276    9.97207e-05
    9.15    9.96792e-05    0.000489139     0.00010867    9.76744e-05
    9.16    9.72915e-05    0.000480453    0.000107088    9.56701e-05
    9.17     9.4961e-05     0.00047192    0.000105529    9.37069e-05
    9.18    9.26863e-05     0.00046354    0.000103992     9.1784e-05
    9.19    9.04661e-05    0.000455308    0.000102478    8.99006e-05
     9.2    8.82991e-05    0.000447222    0.000100986    8.80558e-05
    9.21     8.6184e-05     0.00043928    9.95155e-05    8.62489e-05
    9.22    8.41195e-05     0.00043148    9.80666e-05     8.4479e-05
    9.23    8.21045e-05    0.000423817    9.66387e-05    8.27455e-05
    9.24    8.01378e-05    0.000416291    9.52317e-05    8.10475e-05
    9.25    7.82182e-05    0.000408898    9.38451e-05    7.93844e-05
    9.26    7.63446e-05    0.000401637    9.24787e-05    7.77554e-05
    9.27    7.45158e-05    0.000394504    9.11322e-05    7.61598e-05
    9.28    7.27309e-05    0.000387498    8.98053e-05     7.4597e-05
    9.29    7.09887e-05    0.000380617    8.84978e-05    7.30663e-05
     9.3    6.92882e-05    0.000373858    8.72092e-05    7.15669e-05
    9.31    6.76285e-05    0.000367219    8.59395e-05    7.00983e-05
    9.32    6.60086e-05    0.000360697    8.46882e-05    6.86599e-05
    9.33    6.44274e-05    0.000354292    8.34551e-05     6.7251e-05
    9.34    6.28841e-05       0.000348      8.224e-05     6.5871e-05
    9.35    6.13778e-05     0.00034182    8.10426e-05    6.45193e-05
    9.36    5.99076e-05     0.00033575    7.98626e-05    6.31953e-05
    9.37    5.84725e-05    0.000329788    7.86998e-05    6.18985e-05
    9.38    5.70719e-05    0.000323931     7.7554e-05    6.06284e-05
    9.39    5.57048e-05    0.000318178    7.64248e-05    5.93842e-05
     9.4    5.43705e-05    0.000312528     7.5312e-05    5.81657e-05
    9.41    5.30681e-05    0.000306978    7.42155e-05    5.69721e-05
    9.42    5.17969e-05    0.000301527    7.31349e-05     5.5803e-05
    9.43    5.05562e-05    0.000296172    7.20701e-05    5.46579e-05
    9.44    4.93451e-05    0.000290912    7.10207e-05    5.35363e-05
    9.45    4.81631e-05    0.000285746    6.99867e-05    5.24377e-05
    9.46    4.70094e-05    0.000280672    6.89677e-05    5.13617e-05
    9.47    4.58834e-05    0.000275687    6.79635e-05    5.03077e-05
    9.48    4.47843e-05    0.000270792    6.69739e-05    4.92754e-05
    9.49    4.37115e-05    0.000265983    6.59988e-05    4.82643e-05
     9.5    4.26645e-05    0.000261259    6.50379e-05    4.72739e-05
    9.51    4.16425e-05     0.00025662    6.40909e-05    4.63038e-05
    9.52     4.0645e-05    0.000252063    6.31577e-05    4.53536e-05
    9.53    3.96714e-05    0.000247586    6.22382e-05    4.44229e-05
    9.54    3.87211e-05    0.000243189     6.1332e-05    4.35114e-05
    9.55    3.77936e-05    0.000238871     6.0439e-05    4.26185e-05
    9.56    3.68883e-05    0.000234629     5.9559e-05     4.1744e-05
    9.57    3.60047e-05    0.000230462    5.86918e-05    4.08874e-05
    9.58    3.51422e-05    0.000226369    5.78373e-05    4.00483e-05
    9.59    3.43004e-05     0.00022235    5.69952e-05    3.92265e-05
     9.6    3.34788e-05    0.000218401    5.61653e-05    3.84216e-05
    9.61    3.26768e-05    0.000214522    5.53475e-05    3.76332e-05
    9.62    3.18941e-05    0.000210713    5.45417e-05    3.68609e-05
    9.63    3.11301e-05    0.000206971    5.37476e-05    3.61045e-05
    9.64    3.03844e-05    0.000203295     5.2965e-05    3.53637e-05
    9.65    2.96566e-05    0.000199685    5.21938e-05     3.4638e-05
    9.66    2.89462e-05    0.000196139    5.14339e-05    3.39272e-05
    9.67    2.82528e-05    0.000192656     5.0685e-05     3.3231e-05
    9.68    2.75761e-05    0.000189235     4.9947e-05    3.25491e-05
    9.69    2.69155e-05    0.000185874    4.92198e-05    3.18812e-05
     9.7    2.62708e-05    0.000182573    4.85032e-05     3.1227e-05
    9.71    2.56415e-05    0.000179331     4.7797e-05    3.05862e-05
    9.72    2.50273e-05    0.000176146     4.7101e-05    2.99585e-05
    9.73    2.44278e-05    0.000173018    4.64152e-05    2.93438e-05
    9.74    2.38427e-05    0.000169946    4.57394e-05    2.87416e-05
    9.75    2.32715e-05    0.000166928    4.50735e-05    2.81518e-05
    9.76    2.27141e-05    0.000163963    4.44172e-05    2.75742e-05
    9.77      2.217e-05    0.000161052    4.37705e-05    2.70083e-05
    9.78    2.16389e-05    0.000158192    4.31332e-05    2.64541e-05
    9.79    2.11206e-05    0.000155382    4.25052e-05    2.59113e-05
     9.8    2.06147e-05    0.000152623    4.18863e-05    2.53796e-05
    9.81    2.01209e-05    0.000149913    4.12764e-05    2.48588e-05
    9.82    1.96389e-05     0.00014725    4.06754e-05    2.43487e-05
    9.83    1.91685e-05    0.000144635    4.00832e-05     2.3849e-05
    9.84    1.87093e-05    0.000142067    3.94996e-05    2.33596e-05
    9.85    1.82612e-05    0.000139544    3.89245e-05    2.28803e-05
    9.86    1.78237e-05    0.000137066    3.83577e-05    2.24108e-05
    9.87    1.73968e-05    0.000134632    3.77993e-05    2.19509e-05
    9.88    1.69801e-05    0.000132241    3.72489e-05    2.15005e-05
    9.89    1.65733e-05    0.000129893    3.67065e-05    2.10593e-05
     9.9    1.61763e-05    0.000127586    3.61721e-05    2.06271e-05
    9.91    1.57888e-05     0.00012532    3.56454e-05    2.02038e-05
    9.92    1.54106e-05    0.000123095    3.51264e-05    1.97892e-05
    9.93    1.50415e-05    0.000120909     3.4615e-05    1.93832e-05
    9.94    1.46812e-05    0.000118761     3.4111e-05    1.89854e-05
    9.95    1.43295e-05    0.000116652    3.36143e-05    1.85958e-05
    9.96    1.39863e-05    0.000114581    3.31249e-05    1.82142e-05
    9.97    1.36513e-05    0.000112546    3.26426e-05    1.78405e-05
    9.98    1.33243e-05    0.000110547    3.21673e-05    1.74744e-05
    9.99    1.30051e-05    0.000108584     3.1699e-05    1.71158e-05
      10    1.26936e-05    0.000106656    3.12375e-05    1.67646e-05
   10.01    1.23895e-05    0.000104762    3.07826e-05    1.64206e-05
   10.02    1.20927e-05    0.000102902    3.03344e-05    1.60836e-05
   10.03    1.18031e-05    0.000101074    2.98928e-05    1.57536e-05
   10.04    1.15203e-05    9.92792e-05    2.94575e-05    1.54303e-05
   10.05    1.12444e-05    9.75162e-05    2.90286e-05    1.51137e-05
   10.06     1.0975e-05    9.57844e-05     2.8606e-05    1.48035e-05
   10.07    1.07121e-05    9.40834e-05    2.81895e-05    1.44998e-05
   10.08    1.04555e-05    9.24126e-05     2.7779e-05    1.42022e-05
   10.09    1.02051e-05    9.07715e-05    2.73746e-05    1.39108e-05
    10.1    9.96063e-06    8.91596e-05     2.6976e-05    1.36253e-05
   10.11    9.72204e-06    8.75762e-05    2.65832e-05    1.33457e-05
   10.12    9.48916e-06     8.6021e-05    2.61962e-05    1.30719e-05
   10.13    9.26186e-06    8.44934e-05    2.58148e-05    1.28036e-05
   10.14       9.04e-06    8.29929e-05    2.54389e-05    1.25409e-05
   10.15    8.82346e-06    8.15191e-05    2.50685e-05    1.22836e-05
   10.16     8.6121e-06    8.00714e-05    2.47035e-05    1.20315e-05
   10.17    8.40581e-06    7.86495e-05    2.43438e-05    1.17846e-05
   10.18    8.20445e-06    7.72528e-05    2.39894e-05    1.15428e-05
   10.19    8.00793e-06    7.58809e-05    2.36401e-05    1.13059e-05
    10.2    7.81611e-06    7.45334e-05    2.32959e-05    1.10739e-05
   10.21    7.62888e-06    7.32097e-05    2.29567e-05    1.08467e-05
   10.22    7.44614e-06    7.19097e-05    2.26225e-05    1.06241e-05
   10.23    7.26777e-06    7.06326e-05    2.22931e-05    1.04061e-05
   10.24    7.09368e-06    6.93783e-05    2.19685e-05    1.01926e-05
   10.25    6.92376e-06    6.81463e-05    2.16486e-05     9.9834e-06
   10.26    6.75791e-06    6.69361e-05    2.13334e-05    9.77854e-06
   10.27    6.59603e-06    6.57474e-05    2.10228e-05    9.57788e-06
   10.28    6.43803e-06    6.45798e-05    2.07167e-05    9.38134e-06
   10.29    6.28382e-06     6.3433e-05    2.04151e-05    9.18883e-06
    10.3    6.13329e-06    6.23065e-05    2.01178e-05    9.00028e-06
   10.31    5.98638e-06       6.12e-05    1.98249e-05    8.81559e-06
   10.32    5.84298e-06    6.01132e-05    1.95363e-05    8.63469e-06
   10.33    5.70302e-06    5.90457e-05    1.92518e-05     8.4575e-06
   10.34    5.56641e-06    5.79971e-05    1.89715e-05    8.28395e-06
   10.35    5.43307e-06    5.69672e-05    1.86953e-05    8.11396e-06
   10.36    5.30293e-06    5.59555e-05    1.84231e-05    7.94746e-06
   10.37     5.1759e-06    5.49618e-05    1.81548e-05    7.78438e-06
   10.38    5.05192e-06    5.39858e-05    1.78905e-05    7.62464e-06
   10.39    4.93091e-06    5.30271e-05      1.763e-05    7.46818e-06
    10.4    4.81279e-06    5.20854e-05    1.73733e-05    7.31493e-06
   10.41    4.69751e-06    5.11604e-05    1.71204e-05    7.16482e-06
   10.42    4.58499e-06    5.02519e-05    1.68711e-05     7.0178e-06
   10.43    4.47516e-06    4.93595e-05    1.66255e-05    6.87379e-06
   10.44    4.36796e-06     4.8483e-05    1.63834e-05    6.73274e-06
   10.45    4.26333e-06     4.7622e-05    1.61449e-05    6.59458e-06
   10.46    4.16121e-06    4.67763e-05    1.59098e-05    6.45926e-06
   10.47    4.06153e-06    4.59456e-05    1.56781e-05    6.32671e-06
   10.48    3.96424e-06    4.51297e-05    1.54499e-05    6.19689e-06
   10.49    3.86928e-06    4.43282e-05    1.52249e-05    6.06973e-06
    10.5     3.7766e-06     4.3541e-05    1.50032e-05    5.94517e-06
   10.51    3.68613e-06    4.27678e-05    1.47848e-05    5.82318e-06
   10.52    3.59784e-06    4.20083e-05    1.45695e-05    5.70368e-06
   10.53    3.51165e-06    4.12623e-05    1.43574e-05    5.58664e-06
   10.54    3.42754e-06    4.05296e-05    1.41483e-05      5.472e-06
   10.55    3.34543e-06    3.98098e-05    1.39423e-05    5.35971e-06
   10.56     3.2653e-06    3.91028e-05    1.37393e-05    5.24973e-06
   10.57    3.18708e-06    3.84084e-05    1.35393e-05    5.14201e-06
   10.58    3.11074e-06    3.77264e-05    1.33422e-05    5.03649e-06
   10.59    3.03622e-06    3.70564e-05    1.31479e-05    4.93314e-06
    10.6    2.96349e-06    3.63983e-05    1.29565e-05    4.83191e-06
   10.61    2.89251e-06    3.57519e-05    1.27678e-05    4.73276e-06
   10.62    2.82322e-06     3.5117e-05    1.25819e-05    4.63564e-06
   10.63    2.75559e-06    3.44934e-05    1.23987e-05    4.54052e-06
   10.64    2.68959e-06    3.38809e-05    1.22182e-05    4.44734e-06
   10.65    2.62516e-06    3.32792e-05    1.20403e-05    4.35608e-06
   10.66    2.56228e-06    3.26882e-05     1.1865e-05    4.26669e-06
   10.67     2.5009e-06    3.21077e-05    1.16923e-05    4.17914e-06
   10.68    2.44099e-06    3.15375e-05     1.1522e-05    4.09338e-06
   10.69    2.38252e-06    3.09775e-05    1.13543e-05    4.00938e-06
    10.7    2.32545e-06    3.04274e-05    1.11889e-05    3.92711e-06
   10.71    2.26975e-06     2.9887e-05     1.1026e-05    3.84653e-06
   10.72    2.21538e-06    2.93563e-05    1.08655e-05    3.76759e-06
   10.73    2.16231e-06    2.88349e-05    1.07073e-05    3.69028e-06
   10.74    2.11052e-06    2.83229e-05    1.05514e-05    3.61456e-06
   10.75    2.05996e-06    2.78199e-05    1.03978e-05    3.54038e-06
   10.76    2.01062e-06    2.73259e-05    1.02464e-05    3.46773e-06
   10.77    1.96246e-06    2.68406e-05    1.00972e-05    3.39658e-06
   10.78    1.91545e-06    2.63639e-05    9.95016e-06    3.32688e-06
   10.79    1.86957e-06    2.58958e-05    9.80529e-06    3.25861e-06
    10.8    1.82478e-06    2.54359e-05    9.66253e-06    3.19174e-06
   10.81    1.78107e-06    2.49842e-05    9.52184e-06    3.12624e-06
   10.82    1.73841e-06    2.45405e-05     9.3832e-06    3.06209e-06
   10.83    1.69677e-06    2.41047e-05    9.24658e-06    2.99926e-06
   10.84    1.65612e-06    2.36766e-05    9.11195e-06    2.93771e-06
   10.85    1.61645e-06    2.32562e-05    8.97928e-06    2.87743e-06
   10.86    1.57773e-06    2.28432e-05    8.84854e-06    2.81838e-06
   10.87    1.53994e-06    2.24375e-05    8.71971e-06    2.76055e-06
   10.88    1.50305e-06    2.20391e-05    8.59275e-06     2.7039e-06
   10.89    1.46705e-06    2.16477e-05    8.46764e-06    2.64842e-06
    10.9    1.43191e-06    2.12632e-05    8.34435e-06    2.59407e-06
   10.91    1.39761e-06    2.08856e-05    8.22286e-06    2.54084e-06
   10.92    1.36413e-06    2.05147e-05    8.10313e-06     2.4887e-06
   10.93    1.33145e-06    2.01504e-05    7.98515e-06    2.43763e-06
   10.94    1.29956e-06    1.97926e-05    7.86889e-06    2.38761e-06
   10.95    1.26843e-06    1.94411e-05    7.75432e-06    2.33862e-06
   10.96    1.23804e-06    1.90959e-05    7.64141e-06    2.29063e-06
   10.97    1.20839e-06    1.87567e-05    7.53015e-06    2.24362e-06
   10.98    1.17944e-06    1.84237e-05    7.42051e-06    2.19758e-06
   10.99    1.15119e-06    1.80965e-05    7.31247e-06    2.15249e-06
      11    1.12362e-06    1.77751e-05      7.206e-06    2.10832e-06
   11.01     1.0967e-06    1.74594e-05    7.10108e-06    2.06506e-06
   11.02    1.07043e-06    1.71494e-05    6.99769e-06    2.02268e-06
   11.03    1.04479e-06    1.68448e-05     6.8958e-06    1.98117e-06
   11.04    1.01976e-06    1.65457e-05     6.7954e-06    1.94052e-06
   11.05    9.95336e-07    1.62519e-05    6.69646e-06     1.9007e-06
   11.06    9.71493e-07    1.59633e-05    6.59896e-06     1.8617e-06
   11.07    9.48222e-07    1.56798e-05    6.50288e-06    1.82349e-06
   11.08    9.25509e-07    1.54013e-05     6.4082e-06    1.78608e-06
   11.09    9.03339e-07    1.51278e-05    6.31489e-06    1.74942e-06
    11.1    8.81701e-07    1.48592e-05    6.22295e-06    1.71353e-06
   11.11    8.60581e-07    1.45953e-05    6.13234e-06    1.67836e-06
   11.12    8.39966e-07    1.43361e-05    6.04306e-06    1.64392e-06
   11.13    8.19846e-07    1.40815e-05    5.95507e-06    1.61019e-06
   11.14    8.00207e-07    1.38315e-05    5.86836e-06    1.57715e-06
   11.15    7.81039e-07    1.35858e-05    5.78292e-06    1.54478e-06
   11.16     7.6233e-07    1.33446e-05    5.69872e-06    1.51308e-06
   11.17     7.4407e-07    1.31076e-05    5.61575e-06    1.48204e-06
   11.18    7.26246e-07    1.28748e-05    5.53398e-06    1.45162e-06
   11.19     7.0885e-07    1.26462e-05    5.45341e-06    1.42184e-06
    11.2     6.9187e-07    1.24216e-05    5.37401e-06    1.39266e-06
   11.21    6.75297e-07     1.2201e-05    5.29576e-06    1.36408e-06
   11.22    6.59121e-07    1.19843e-05    5.21865e-06    1.33609e-06
   11.23    6.43333e-07    1.17715e-05    5.14267e-06    1.30867e-06
   11.24    6.27922e-07    1.15625e-05    5.06779e-06    1.28182e-06
   11.25    6.12881e-07    1.13571e-05    4.99401e-06    1.25552e-06
   11.26      5.982e-07    1.11555e-05    4.92129e-06    1.22975e-06
   11.27    5.83871e-07    1.09574e-05    4.84964e-06    1.20452e-06
   11.28    5.69885e-07    1.07628e-05    4.77903e-06     1.1798e-06
   11.29    5.56234e-07    1.05716e-05    4.70945e-06    1.15559e-06
    11.3     5.4291e-07    1.03839e-05    4.64088e-06    1.13188e-06
   11.31    5.29905e-07    1.01995e-05    4.57331e-06    1.10865e-06
   11.32    5.17212e-07    1.00184e-05    4.50672e-06     1.0859e-06
   11.33    5.04823e-07    9.84045e-06     4.4411e-06    1.06362e-06
   11.34    4.92731e-07     9.6657e-06    4.37644e-06    1.04179e-06
   11.35    4.80928e-07    9.49405e-06    4.31272e-06    1.02041e-06
   11.36    4.69408e-07    9.32545e-06    4.24992e-06    9.99475e-07
   11.37    4.58163e-07    9.15985e-06    4.18804e-06    9.78965e-07
   11.38    4.47189e-07    8.99718e-06    4.12707e-06    9.58877e-07
   11.39    4.36477e-07    8.83741e-06    4.06698e-06      9.392e-07
    11.4    4.26021e-07    8.68047e-06    4.00776e-06    9.19927e-07
   11.41    4.15817e-07    8.52631e-06    3.94941e-06     9.0105e-07
   11.42    4.05856e-07     8.3749e-06    3.89191e-06     8.8256e-07
   11.43    3.96134e-07    8.22617e-06    3.83524e-06     8.6445e-07
   11.44    3.86645e-07    8.08009e-06     3.7794e-06    8.46711e-07
   11.45    3.77384e-07     7.9366e-06    3.72437e-06    8.29336e-07
   11.46    3.68344e-07    7.79566e-06    3.67014e-06    8.12318e-07
   11.47    3.59521e-07    7.65722e-06    3.61671e-06    7.95649e-07
   11.48    3.50909e-07    7.52124e-06    3.56405e-06    7.79322e-07
   11.49    3.42503e-07    7.38767e-06    3.51215e-06     7.6333e-07
    11.5    3.34299e-07    7.25648e-06    3.46102e-06    7.47667e-07
   11.51    3.26291e-07    7.12761e-06    3.41062e-06    7.32324e-07
   11.52    3.18475e-07    7.00104e-06    3.36097e-06    7.17297e-07
   11.53    3.10846e-07    6.87671e-06    3.31203e-06    7.02578e-07
   11.54    3.03401e-07    6.75459e-06    3.26381e-06     6.8816e-07
   11.55    2.96133e-07    6.63464e-06    3.21629e-06    6.74039e-07
   11.56    2.89039e-07    6.51681e-06    3.16946e-06    6.60208e-07
   11.57    2.82116e-07    6.40109e-06    3.12331e-06     6.4666e-07
   11.58    2.75358e-07    6.28741e-06    3.07783e-06     6.3339e-07
   11.59    2.68762e-07    6.17576e-06    3.03302e-06    6.20393e-07
    11.6    2.62324e-07    6.06608e-06    2.98886e-06    6.07662e-07
   11.61    2.56041e-07    5.95836e-06    2.94534e-06    5.95193e-07
   11.62    2.49907e-07    5.85255e-06    2.90246e-06    5.82979e-07
   11.63    2.43921e-07    5.74862e-06     2.8602e-06    5.71016e-07
   11.64    2.38078e-07    5.64653e-06    2.81855e-06    5.59299e-07
   11.65    2.32375e-07    5.54625e-06    2.77752e-06    5.47822e-07
   11.66    2.26809e-07    5.44776e-06    2.73708e-06    5.36581e-07
   11.67    2.21376e-07    5.35102e-06    2.69722e-06     5.2557e-07
   11.68    2.16073e-07    5.25599e-06    2.65795e-06    5.14785e-07
   11.69    2.10898e-07    5.16265e-06    2.61925e-06    5.04221e-07
    11.7    2.05846e-07    5.07097e-06    2.58112e-06    4.93875e-07
   11.71    2.00915e-07    4.98092e-06    2.54353e-06     4.8374e-07
   11.72    1.96102e-07    4.89246e-06     2.5065e-06    4.73814e-07
   11.73    1.91405e-07    4.80558e-06    2.47001e-06    4.64091e-07
   11.74     1.8682e-07    4.72024e-06    2.43404e-06    4.54567e-07
   11.75    1.82345e-07    4.63642e-06     2.3986e-06     4.4524e-07
   11.76    1.77977e-07    4.55408e-06    2.36368e-06    4.36103e-07
   11.77    1.73714e-07    4.47321e-06    2.32926e-06    4.27154e-07
   11.78    1.69553e-07    4.39377e-06    2.29535e-06    4.18389e-07
   11.79    1.65491e-07    4.31574e-06    2.26193e-06    4.09803e-07
    11.8    1.61527e-07     4.2391e-06      2.229e-06    4.01394e-07
   11.81    1.57658e-07    4.16382e-06    2.19654e-06    3.93157e-07
   11.82    1.53881e-07    4.08988e-06    2.16456e-06     3.8509e-07
   11.83    1.50195e-07    4.01725e-06    2.13304e-06    3.77187e-07
   11.84    1.46598e-07    3.94591e-06    2.10199e-06    3.69447e-07
   11.85    1.43086e-07    3.87583e-06    2.07138e-06    3.61866e-07
   11.86    1.39658e-07    3.80701e-06    2.04122e-06    3.54441e-07
   11.87    1.36313e-07     3.7394e-06     2.0115e-06    3.47167e-07
   11.88    1.33048e-07    3.67299e-06    1.98222e-06    3.40043e-07
   11.89    1.29861e-07    3.60777e-06    1.95335e-06    3.33066e-07
    11.9     1.2675e-07     3.5437e-06    1.92491e-06    3.26231e-07
   11.91    1.23714e-07    3.48077e-06    1.89689e-06    3.19537e-07
   11.92    1.20751e-07    3.41895e-06    1.86927e-06     3.1298e-07
   11.93    1.17858e-07    3.35824e-06    1.84205e-06    3.06557e-07
   11.94    1.15035e-07     3.2986e-06    1.81523e-06    3.00267e-07
   11.95    1.12279e-07    3.24002e-06     1.7888e-06    2.94105e-07
   11.96     1.0959e-07    3.18248e-06    1.76276e-06     2.8807e-07
   11.97    1.06965e-07    3.12597e-06    1.73709e-06    2.82159e-07
   11.98    1.04403e-07    3.07045e-06     1.7118e-06    2.76369e-07
   11.99    1.01902e-07    3.01593e-06    1.68688e-06    2.70697e-07
      12    9.94608e-08    2.96237e-06    1.66231e-06    2.65143e-07
   12.01    9.70784e-08    2.90976e-06    1.63811e-06    2.59702e-07
   12.02     9.4753e-08    2.85809e-06    1.61426e-06    2.54373e-07
   12.03    9.24833e-08    2.80733e-06    1.59076e-06    2.49153e-07
   12.04    9.02679e-08    2.75748e-06     1.5676e-06     2.4404e-07
   12.05    8.81057e-08    2.70851e-06    1.54477e-06    2.39032e-07
   12.06    8.59952e-08    2.66041e-06    1.52228e-06    2.34127e-07
   12.07    8.39353e-08    2.61317e-06    1.50011e-06    2.29323e-07
   12.08    8.19247e-08    2.56676e-06    1.47827e-06    2.24617e-07
   12.09    7.99623e-08    2.52118e-06    1.45675e-06    2.20008e-07
    12.1    7.80469e-08    2.47641e-06    1.43554e-06    2.15493e-07
   12.11    7.61773e-08    2.43243e-06    1.41464e-06    2.11071e-07
   12.12    7.43526e-08    2.38923e-06    1.39404e-06     2.0674e-07
   12.13    7.25716e-08     2.3468e-06    1.37374e-06    2.02498e-07
   12.14    7.08332e-08    2.30513e-06    1.35374e-06    1.98342e-07
   12.15    6.91365e-08    2.26419e-06    1.33403e-06    1.94272e-07
   12.16    6.74804e-08    2.22398e-06    1.31461e-06    1.90286e-07
   12.17     6.5864e-08    2.18449e-06    1.29547e-06    1.86381e-07
   12.18    6.42863e-08     2.1457e-06     1.2766e-06    1.82557e-07
   12.19    6.27464e-08    2.10759e-06    1.25802e-06     1.7881e-07
    12.2    6.12433e-08    2.07016e-06     1.2397e-06    1.75141e-07
   12.21    5.97763e-08     2.0334e-06    1.22165e-06    1.71547e-07
   12.22    5.83445e-08    1.99729e-06    1.20386e-06    1.68027e-07
   12.23    5.69469e-08    1.96182e-06    1.18634e-06    1.64579e-07
   12.24    5.55828e-08    1.92698e-06    1.16906e-06    1.61202e-07
   12.25    5.42514e-08    1.89276e-06    1.15204e-06    1.57894e-07
   12.26    5.29518e-08    1.85915e-06    1.13527e-06    1.54654e-07
   12.27    5.16834e-08    1.82613e-06    1.11874e-06     1.5148e-07
   12.28    5.04454e-08     1.7937e-06    1.10245e-06    1.48372e-07
   12.29     4.9237e-08    1.76185e-06     1.0864e-06    1.45327e-07
    12.3    4.80576e-08    1.73056e-06    1.07058e-06    1.42345e-07
   12.31    4.69065e-08    1.69983e-06    1.05499e-06    1.39424e-07
   12.32    4.57829e-08    1.66964e-06    1.03963e-06    1.36563e-07
   12.33    4.46862e-08    1.63999e-06    1.02449e-06    1.33761e-07
   12.34    4.36158e-08    1.61087e-06    1.00958e-06    1.31016e-07
   12.35     4.2571e-08    1.58226e-06    9.94878e-07    1.28328e-07
   12.36    4.15513e-08    1.55416e-06    9.80392e-07    1.25694e-07
   12.37     4.0556e-08    1.52656e-06    9.66118e-07    1.23115e-07
   12.38    3.95845e-08    1.49946e-06    9.52051e-07    1.20589e-07
   12.39    3.86363e-08    1.47283e-06    9.38189e-07    1.18114e-07
    12.4    3.77108e-08    1.44667e-06    9.24529e-07     1.1569e-07
   12.41    3.68075e-08    1.42098e-06    9.11068e-07    1.13316e-07
   12.42    3.59258e-08    1.39575e-06    8.97803e-07    1.10991e-07
   12.43    3.50652e-08    1.37096e-06    8.84731e-07    1.08713e-07
   12.44    3.42253e-08    1.34661e-06    8.71849e-07    1.06483e-07
   12.45    3.34055e-08     1.3227e-06    8.59155e-07    1.04298e-07
   12.46    3.26053e-08    1.29921e-06    8.46646e-07    1.02157e-07
   12.47    3.18242e-08    1.27614e-06    8.34319e-07    1.00061e-07
   12.48    3.10619e-08    1.25348e-06    8.22171e-07    9.80078e-08
   12.49    3.03179e-08    1.23122e-06      8.102e-07    9.59966e-08
    12.5    2.95917e-08    1.20935e-06    7.98404e-07    9.40267e-08
   12.51    2.88828e-08    1.18788e-06    7.86779e-07    9.20973e-08
   12.52     2.8191e-08    1.16678e-06    7.75323e-07    9.02074e-08
   12.53    2.75157e-08    1.14606e-06    7.64035e-07    8.83563e-08
   12.54    2.68566e-08    1.12571e-06     7.5291e-07    8.65432e-08
   12.55    2.62133e-08    1.10572e-06    7.41948e-07    8.47673e-08
   12.56    2.55853e-08    1.08608e-06    7.31145e-07    8.30279e-08
   12.57    2.49725e-08    1.06679e-06      7.205e-07    8.13241e-08
   12.58    2.43743e-08    1.04785e-06    7.10009e-07    7.96553e-08
   12.59    2.37904e-08    1.02924e-06    6.99672e-07    7.80208e-08
    12.6    2.32206e-08    1.01096e-06    6.89484e-07    7.64198e-08
   12.61    2.26643e-08     9.9301e-07    6.79445e-07    7.48516e-08
   12.62    2.21214e-08    9.75376e-07    6.69553e-07    7.33156e-08
   12.63    2.15915e-08    9.58055e-07    6.59804e-07    7.18112e-08
   12.64    2.10743e-08    9.41041e-07    6.50197e-07    7.03376e-08
   12.65    2.05695e-08     9.2433e-07     6.4073e-07    6.88942e-08
   12.66    2.00768e-08    9.07915e-07    6.31401e-07    6.74805e-08
   12.67    1.95959e-08    8.91792e-07    6.22208e-07    6.60958e-08
   12.68    1.91265e-08    8.75955e-07    6.13149e-07    6.47395e-08
   12.69    1.86683e-08    8.60399e-07    6.04221e-07     6.3411e-08
    12.7    1.82212e-08     8.4512e-07    5.95424e-07    6.21098e-08
   12.71    1.77847e-08    8.30112e-07    5.86755e-07    6.08353e-08
   12.72    1.73587e-08     8.1537e-07    5.78211e-07    5.95869e-08
   12.73    1.69429e-08     8.0089e-07    5.69793e-07    5.83642e-08
   12.74     1.6537e-08    7.86668e-07    5.61496e-07    5.71665e-08
   12.75    1.61409e-08    7.72698e-07    5.53321e-07    5.59935e-08
   12.76    1.57543e-08    7.58976e-07    5.45265e-07    5.48445e-08
   12.77    1.53769e-08    7.45497e-07    5.37326e-07     5.3719e-08
   12.78    1.50086e-08    7.32258e-07    5.29502e-07    5.26167e-08
   12.79     1.4649e-08    7.19255e-07    5.21793e-07     5.1537e-08
    12.8    1.42981e-08    7.06482e-07    5.14195e-07    5.04794e-08
   12.81    1.39556e-08    6.93936e-07    5.06709e-07    4.94436e-08
   12.82    1.36213e-08    6.81612e-07    4.99331e-07     4.8429e-08
   12.83    1.32951e-08    6.69508e-07    4.92061e-07    4.74352e-08
   12.84    1.29766e-08    6.57618e-07    4.84896e-07    4.64618e-08
   12.85    1.26658e-08     6.4594e-07    4.77836e-07    4.55084e-08
   12.86    1.23624e-08    6.34469e-07    4.70879e-07    4.45746e-08
   12.87    1.20662e-08    6.23202e-07    4.64023e-07    4.36599e-08
   12.88    1.17772e-08    6.12135e-07    4.57267e-07     4.2764e-08
   12.89    1.14951e-08    6.01264e-07    4.50609e-07    4.18864e-08
    12.9    1.12197e-08    5.90587e-07    4.44048e-07    4.10269e-08
   12.91     1.0951e-08    5.80099e-07    4.37583e-07     4.0185e-08
   12.92    1.06887e-08    5.69797e-07    4.31212e-07    3.93604e-08
   12.93    1.04326e-08    5.59678e-07    4.24933e-07    3.85527e-08
   12.94    1.01827e-08    5.49739e-07    4.18746e-07    3.77616e-08
   12.95    9.93881e-09    5.39977e-07    4.12649e-07    3.69867e-08
   12.96    9.70074e-09    5.30387e-07    4.06641e-07    3.62278e-08
   12.97    9.46837e-09    5.20968e-07     4.0072e-07    3.54843e-08
   12.98    9.24157e-09    5.11717e-07    3.94886e-07    3.47562e-08
   12.99     9.0202e-09     5.0263e-07    3.89136e-07     3.4043e-08
      13    8.80413e-09    4.93704e-07     3.8347e-07    3.33444e-08
