# Fission Isotope Spectra
#  U235, Pu239, Pu241: Fit Extrapolation of reported Huber's spectra
#  U238: Fit Extrapolation of Muller spectra
#
# The columns have the following definitions:
#   Enu: Antineutrino energy [MeV]
#   dNdE_XXX: Antineutrino spectrum [antineutrinos MeV^-1 fission^-1]
#    Enu      dNdE_U235      dNdE_U238     dNdE_Pu239     dNdE_Pu241
     1.8        1.50542        1.64179        1.22781        1.42537
    1.81        1.49556        1.63329        1.21996        1.41661
    1.82        1.48577        1.62484        1.21216         1.4079
    1.83        1.47603        1.61643        1.20442        1.39925
    1.84        1.46636        1.60807        1.19672        1.39065
    1.85        1.45676        1.59975        1.18906         1.3821
    1.86        1.44722        1.59148        1.18146         1.3736
    1.87        1.43774        1.58324        1.17391        1.36516
    1.88        1.42832        1.57505         1.1664        1.35677
    1.89        1.41896         1.5669        1.15895        1.34843
     1.9        1.40967         1.5588        1.15154        1.34014
    1.91        1.40043        1.55073        1.14418         1.3319
    1.92        1.39126        1.54271        1.13686        1.32371
    1.93        1.38214        1.53473        1.12959        1.31558
    1.94        1.37309        1.52679        1.12237        1.30749
    1.95         1.3641        1.51889         1.1152        1.29945
    1.96        1.35516        1.51103        1.10807        1.29146
    1.97        1.34628        1.50321        1.10098        1.28352
    1.98        1.33746        1.49543        1.09394        1.27563
    1.99         1.3287         1.4877        1.08695        1.26779
       2           1.32           1.48           1.08           1.26
    2.01        1.31135        1.47234         1.0731        1.25225
    2.02        1.30276        1.46473        1.06623        1.24456
    2.03        1.29423        1.45715        1.05942        1.23691
    2.04        1.28575        1.44961        1.05265         1.2293
    2.05        1.27733        1.44211        1.04592        1.22175
    2.06        1.26896        1.43465        1.03923        1.21424
    2.07        1.26065        1.42723        1.03258        1.20677
    2.08        1.25239        1.41984        1.02598        1.19935
    2.09        1.24419         1.4125        1.01942        1.19198
     2.1        1.23604        1.40519        1.01291        1.18465
    2.11        1.22794        1.39792        1.00643        1.17737
    2.12         1.2199        1.39069       0.999997        1.17014
    2.13        1.21191        1.38349       0.993603        1.16294
    2.14        1.20397        1.37633       0.987251        1.15579
    2.15        1.19608        1.36921       0.980939        1.14869
    2.16        1.18825        1.36213       0.974668        1.14163
    2.17        1.18046        1.35508       0.968437        1.13461
    2.18        1.17273        1.34807       0.962245        1.12764
    2.19        1.16505         1.3411       0.956094         1.1207
     2.2        1.15742        1.33416       0.949981        1.11382
    2.21        1.14983        1.32725       0.943908        1.10697
    2.22         1.1423        1.32039       0.937873        1.10016
    2.23        1.13482        1.31356       0.931877         1.0934
    2.24        1.12739        1.30676        0.92592        1.08668
    2.25           1.12            1.3           0.92           1.08
    2.26        1.11098        1.29364       0.910973        1.07187
    2.27        1.10203        1.28731       0.902034        1.06379
    2.28        1.09316        1.28101       0.893184        1.05578
    2.29        1.08435        1.27475        0.88442        1.04783
     2.3        1.07562        1.26851       0.875742        1.03994
    2.31        1.06696        1.26231       0.867149         1.0321
    2.32        1.05836        1.25613        0.85864        1.02433
    2.33        1.04984        1.24998       0.850215        1.01661
    2.34        1.04138        1.24387       0.841873        1.00896
    2.35          1.033        1.23778       0.833613        1.00136
    2.36        1.02468        1.23173       0.825433       0.993816
    2.37        1.01643         1.2257       0.817334        0.98633
    2.38        1.00824        1.21971       0.809314       0.978901
    2.39        1.00012        1.21374       0.801373       0.971528
     2.4       0.992064         1.2078        0.79351       0.964211
    2.41       0.984075        1.20189       0.785724       0.956948
    2.42       0.976149        1.19601       0.778015       0.949741
    2.43       0.968287        1.19016       0.770381       0.942587
    2.44       0.960489        1.18434       0.762822       0.935488
    2.45       0.952753        1.17855       0.755337       0.928442
    2.46        0.94508        1.17278       0.747925       0.921449
    2.47       0.937469        1.16704       0.740587       0.914509
    2.48       0.929918        1.16133        0.73332       0.907621
    2.49       0.922429        1.15565       0.726125       0.900785
     2.5          0.915           1.15          0.719          0.894
    2.51       0.908707        1.14359       0.714752       0.888998
    2.52       0.902457        1.13721       0.710529       0.884024
    2.53       0.896251        1.13087       0.706331       0.879078
    2.54       0.890087        1.12457       0.702158        0.87416
    2.55       0.883965         1.1183        0.69801       0.869269
    2.56       0.877885        1.11207       0.693886       0.864406
    2.57       0.871848        1.10587       0.689786       0.859569
    2.58       0.865851         1.0997       0.685711        0.85476
    2.59       0.859896        1.09357        0.68166       0.849978
     2.6       0.853982        1.08747       0.677632       0.845222
    2.61       0.848109        1.08141       0.673629       0.840493
    2.62       0.842276        1.07538       0.669649       0.835791
    2.63       0.836483        1.06939       0.665692       0.831115
    2.64        0.83073        1.06343       0.661759       0.826465
    2.65       0.825017         1.0575        0.65785       0.821841
    2.66       0.819343         1.0516       0.653963       0.817243
    2.67       0.813708        1.04574       0.650099        0.81267
    2.68       0.808111        1.03991       0.646258       0.808123
    2.69       0.802554        1.03411        0.64244       0.803602
     2.7       0.797034        1.02835       0.638644       0.799106
    2.71       0.791552        1.02261       0.634871       0.794635
    2.72       0.786108        1.01691        0.63112       0.790189
    2.73       0.780702        1.01124       0.627392       0.785768
    2.74       0.775332        1.00561       0.623685       0.781372
    2.75           0.77              1           0.62          0.777
    2.76       0.764847       0.994718       0.615415       0.771043
    2.77       0.759728       0.989465       0.610865       0.765131
    2.78       0.754643       0.984239       0.606347       0.759265
    2.79       0.749592        0.97904       0.601864       0.753444
     2.8       0.744576        0.97387       0.597413       0.747667
    2.81       0.739592       0.968726       0.592996       0.741935
    2.82       0.734642        0.96361       0.588611       0.736247
    2.83       0.729726        0.95852       0.584258       0.730602
    2.84       0.724842       0.953458       0.579938       0.725001
    2.85       0.719991       0.948422       0.575649       0.719442
    2.86       0.715172       0.943413       0.571392       0.713926
    2.87       0.710385        0.93843       0.567167       0.708453
    2.88       0.705631       0.933474       0.562973       0.703021
    2.89       0.700908       0.928544        0.55881       0.697631
     2.9       0.696217       0.923639       0.554678       0.692282
    2.91       0.691558       0.918761       0.550576       0.686975
    2.92       0.686929       0.913909       0.546505       0.681708
    2.93       0.682332       0.909082       0.542464       0.676481
    2.94       0.677765        0.90428       0.538453       0.671295
    2.95       0.673229       0.899504       0.534471       0.666148
    2.96       0.668723       0.894754       0.530519       0.661041
    2.97       0.664248       0.890028       0.526596       0.655972
    2.98       0.659802       0.885327       0.522702       0.650943
    2.99       0.655386       0.880651       0.518837       0.645952
       3          0.651          0.876          0.515          0.641
    3.01       0.646765       0.870991       0.509718       0.636429
    3.02       0.642558        0.86601       0.504491       0.631892
    3.03       0.638379       0.861058       0.499317       0.627386
    3.04       0.634226       0.856135       0.494196       0.622913
    3.05         0.6301       0.851239       0.489128       0.618471
    3.06       0.626002       0.846372       0.484112       0.614061
    3.07        0.62193       0.841532       0.479147       0.609683
    3.08       0.617884        0.83672       0.474233       0.605336
    3.09       0.613865       0.831936       0.469369       0.601019
     3.1       0.609872       0.827178       0.464555       0.596734
    3.11       0.605905       0.822448       0.459791       0.592479
    3.12       0.601964       0.817746       0.455076       0.588255
    3.13       0.598048        0.81307       0.450409        0.58406
    3.14       0.594158        0.80842       0.445789       0.579896
    3.15       0.590293       0.803798       0.441218       0.575761
    3.16       0.586453       0.799201       0.436693       0.571655
    3.17       0.582638       0.794631       0.432214       0.567579
    3.18       0.578848       0.790088       0.427781       0.563532
    3.19       0.575083        0.78557       0.423394       0.559514
     3.2       0.571342       0.781078       0.419052       0.555525
    3.21       0.567626       0.776611       0.414754       0.551564
    3.22       0.563933       0.772171       0.410501       0.547631
    3.23       0.560265       0.767755       0.406291       0.543726
    3.24       0.556621       0.763365       0.402124       0.539849
    3.25          0.553          0.759          0.398          0.536
    3.26       0.548654       0.753934        0.39498       0.531737
    3.27       0.544342       0.748902       0.391984       0.527508
    3.28       0.540063       0.743904        0.38901       0.523312
    3.29       0.535819       0.738939       0.386059        0.51915
     3.3       0.531608       0.734007        0.38313       0.515021
    3.31        0.52743       0.729108       0.380223       0.510924
    3.32       0.523284       0.724242       0.377338       0.506861
    3.33       0.519172       0.719409       0.374475       0.502829
    3.34       0.515091       0.714607       0.371634        0.49883
    3.35       0.511043       0.709838       0.368815       0.494863
    3.36       0.507026         0.7051       0.366017       0.490927
    3.37       0.503042       0.700394        0.36324       0.487022
    3.38       0.499088        0.69572       0.360484       0.483149
    3.39       0.495165       0.691076       0.357749       0.479306
     3.4       0.491274       0.686464       0.355035       0.475494
    3.41       0.487413       0.681882       0.352341       0.471712
    3.42       0.483582       0.677331       0.349668        0.46796
    3.43       0.479781       0.672811       0.347015       0.464238
    3.44        0.47601        0.66832       0.344382       0.460546
    3.45       0.472269        0.66386        0.34177       0.456883
    3.46       0.468558       0.659429       0.339177       0.453249
    3.47       0.464875       0.655028       0.336603       0.449644
    3.48       0.461221       0.650656        0.33405       0.446067
    3.49       0.457596       0.646314       0.331515        0.44252
     3.5          0.454          0.642          0.329          0.439
    3.51       0.450005       0.637525       0.325967       0.434839
    3.52       0.446046       0.633081       0.322962       0.430718
    3.53       0.442121       0.628668       0.319985       0.426636
    3.54       0.438231       0.624286       0.317035       0.422593
    3.55       0.434375       0.619934       0.314112       0.418588
    3.56       0.430553       0.615613       0.311216       0.414621
    3.57       0.426765       0.611322       0.308347       0.410692
    3.58        0.42301       0.607061       0.305505       0.406799
    3.59       0.419288       0.602829       0.302689       0.402944
     3.6       0.415599       0.598627       0.299898       0.399125
    3.61       0.411942       0.594455       0.297133       0.395343
    3.62       0.408317       0.590311       0.294394       0.391596
    3.63       0.404725       0.586196        0.29168       0.387885
    3.64       0.401163        0.58211       0.288991       0.384209
    3.65       0.397634       0.578052       0.286327       0.380567
    3.66       0.394135       0.574023       0.283688       0.376961
    3.67       0.390667       0.570022       0.281072       0.373388
    3.68        0.38723       0.566049       0.278481       0.369849
    3.69       0.383823       0.562103       0.275914       0.366344
     3.7       0.380445       0.558185        0.27337       0.362872
    3.71       0.377098       0.554294        0.27085       0.359433
    3.72        0.37378        0.55043       0.268353       0.356027
    3.73       0.370491       0.546594        0.26588       0.352653
    3.74       0.367231       0.542783       0.263428        0.34931
    3.75          0.364          0.539          0.261          0.346
    3.76       0.360904       0.535171       0.257974       0.343181
    3.77       0.357834       0.531368       0.254983       0.340385
    3.78        0.35479       0.527593       0.252027       0.337611
    3.79       0.351772       0.523845       0.249106        0.33486
     3.8       0.348779       0.520123       0.246218       0.332132
    3.81       0.345812       0.516428       0.243363       0.329426
    3.82       0.342871       0.512759       0.240542       0.326742
    3.83       0.339954       0.509116       0.237753       0.324079
    3.84       0.337062       0.505499       0.234997       0.321439
    3.85       0.334195       0.501908       0.232273        0.31882
    3.86       0.331352       0.498342        0.22958       0.316222
    3.87       0.328533       0.494801       0.226918       0.313646
    3.88       0.325739       0.491286       0.224288        0.31109
    3.89       0.322968       0.487796       0.221687       0.308555
     3.9        0.32022        0.48433       0.219117       0.306041
    3.91       0.317496       0.480889       0.216577       0.303548
    3.92       0.314796       0.477473       0.214066       0.301074
    3.93       0.312118        0.47408       0.211585       0.298621
    3.94       0.309463       0.470712       0.209132       0.296188
    3.95        0.30683       0.467368       0.206707       0.293775
    3.96        0.30422       0.464048       0.204311       0.291381
    3.97       0.301632       0.460751       0.201942       0.289007
    3.98       0.299066       0.457477       0.199601       0.286652
    3.99       0.296522       0.454227       0.197287       0.284317
       4          0.294          0.451          0.195          0.282
    4.01       0.291127       0.447297       0.193317       0.279213
    4.02       0.288282       0.443625       0.191648       0.276454
    4.03       0.285465       0.439982       0.189993       0.273722
    4.04       0.282676        0.43637       0.188353       0.271017
    4.05       0.279913       0.432787       0.186727       0.268339
    4.06       0.277178       0.429234       0.185115       0.265687
    4.07       0.274469        0.42571       0.183517       0.263062
    4.08       0.271787       0.422215       0.181933       0.260462
    4.09       0.269131       0.418748       0.180362       0.257888
     4.1       0.266501        0.41531       0.178805        0.25534
    4.11       0.263897         0.4119       0.177262       0.252817
    4.12       0.261318       0.408518       0.175732       0.250318
    4.13       0.258765       0.405164       0.174215       0.247845
    4.14       0.256236       0.401838       0.172711       0.245395
    4.15       0.253732       0.398538        0.17122        0.24297
    4.16       0.251253       0.395266       0.169742       0.240569
    4.17       0.248798       0.392021       0.168276       0.238192
    4.18       0.246366       0.388802       0.166824       0.235838
    4.19       0.243959        0.38561       0.165383       0.233508
     4.2       0.241575       0.382444       0.163956         0.2312
    4.21       0.239214       0.379304        0.16254       0.228915
    4.22       0.236877        0.37619       0.161137       0.226653
    4.23       0.234562       0.373101       0.159746       0.224413
    4.24        0.23227       0.370038       0.158367       0.222196
    4.25           0.23          0.367          0.157           0.22
    4.26       0.227705       0.363709       0.154948       0.217535
    4.27       0.225433       0.360448       0.152923       0.215099
    4.28       0.223184       0.357215       0.150925       0.212689
    4.29       0.220957       0.354012       0.148953       0.210306
     4.3       0.218752       0.350838       0.147006        0.20795
    4.31        0.21657       0.347692       0.145085       0.205621
    4.32       0.214409       0.344574       0.143189       0.203317
    4.33        0.21227       0.341484       0.141318        0.20104
    4.34       0.210152       0.338422       0.139471       0.198788
    4.35       0.208055       0.335387       0.137648       0.196561
    4.36       0.205979        0.33238        0.13585       0.194359
    4.37       0.203924       0.329399       0.134074       0.192182
    4.38       0.201889       0.326446       0.132322       0.190029
    4.39       0.199875       0.323518       0.130593         0.1879
     4.4        0.19788       0.320617       0.128886       0.185795
    4.41       0.195906       0.317742       0.127202       0.183714
    4.42       0.193951       0.314893        0.12554       0.181656
    4.43       0.192016       0.312069       0.123899       0.179621
    4.44         0.1901       0.309271        0.12228       0.177608
    4.45       0.188204       0.306498       0.120682       0.175619
    4.46       0.186326       0.303749       0.119105       0.173651
    4.47       0.184467       0.301026       0.117548       0.171706
    4.48       0.182626       0.298326       0.116012       0.169783
    4.49       0.180804       0.295651       0.114496       0.167881
     4.5          0.179          0.293          0.113          0.166
    4.51       0.177147       0.290277        0.11163       0.164127
    4.52       0.175313       0.287579       0.110277       0.162275
    4.53       0.173499       0.284906        0.10894       0.160444
    4.54       0.171703       0.282258       0.107619       0.158634
    4.55       0.169925       0.279635       0.106314       0.156844
    4.56       0.168166       0.277036       0.105025       0.155075
    4.57       0.166426       0.274461       0.103752       0.153325
    4.58       0.164703       0.271911       0.102494       0.151595
    4.59       0.162998       0.269383       0.101252       0.149885
     4.6       0.161311        0.26688       0.100024       0.148193
    4.61       0.159641       0.264399      0.0988116       0.146521
    4.62       0.157989       0.261942      0.0976136       0.144868
    4.63       0.156353       0.259508      0.0964302       0.143234
    4.64       0.154735       0.257096      0.0952611       0.141618
    4.65       0.153133       0.254706      0.0941062        0.14002
    4.66       0.151548       0.252339      0.0929653        0.13844
    4.67       0.149979       0.249994      0.0918383       0.136878
    4.68       0.148427       0.247671      0.0907249       0.135334
    4.69        0.14689       0.245369       0.089625       0.133807
     4.7        0.14537       0.243088      0.0885384       0.132297
    4.71       0.143865       0.240829       0.087465       0.130804
    4.72       0.142376       0.238591      0.0864046       0.129328
    4.73       0.140902       0.236373      0.0853571       0.127869
    4.74       0.139443       0.234176      0.0843223       0.126426
    4.75          0.138          0.232         0.0833          0.125
    4.76       0.136754       0.229809      0.0822844       0.123759
    4.77       0.135519       0.227638      0.0812812        0.12253
    4.78       0.134295       0.225488      0.0802903       0.121313
    4.79       0.133083       0.223358      0.0793114       0.120109
     4.8       0.131881       0.221249      0.0783444       0.118916
    4.81        0.13069       0.219159      0.0773893       0.117735
    4.82        0.12951       0.217089      0.0764457       0.116566
    4.83        0.12834       0.215038      0.0755137       0.115408
    4.84       0.127182       0.213007      0.0745931       0.114262
    4.85       0.126033       0.210996      0.0736837       0.113128
    4.86       0.124895       0.209003      0.0727853       0.112005
    4.87       0.123767       0.207029      0.0718979       0.110892
    4.88        0.12265       0.205073      0.0710214       0.109791
    4.89       0.121542       0.203136      0.0701555       0.108701
     4.9       0.120445       0.201218      0.0693002       0.107622
    4.91       0.119357       0.199317      0.0684553       0.106553
    4.92       0.118279       0.197434      0.0676207       0.105495
    4.93       0.117211        0.19557      0.0667963       0.104447
    4.94       0.116153       0.193722      0.0659819        0.10341
    4.95       0.115104       0.191893      0.0651775       0.102383
    4.96       0.114065        0.19008      0.0643828       0.101367
    4.97       0.113035       0.188285      0.0635979        0.10036
    4.98       0.112014       0.186507      0.0628225      0.0993635
    4.99       0.111002       0.184745      0.0620566      0.0983769
       5           0.11          0.183         0.0613         0.0974
    5.01       0.108943       0.181203      0.0607183      0.0963717
    5.02       0.107895       0.179425      0.0601422      0.0953542
    5.03       0.106858       0.177663      0.0595715      0.0943475
    5.04       0.105831       0.175919      0.0590063      0.0933514
    5.05       0.104813       0.174192      0.0584464      0.0923658
    5.06       0.103806       0.172482      0.0578918      0.0913906
    5.07       0.102808       0.170789      0.0573425      0.0904258
    5.08        0.10182       0.169112      0.0567984      0.0894711
    5.09       0.100841       0.167452      0.0562595      0.0885265
     5.1      0.0998714       0.165808      0.0557256      0.0875918
    5.11      0.0989113        0.16418      0.0551969      0.0866671
    5.12      0.0979605       0.162568      0.0546731      0.0857521
    5.13      0.0970187       0.160972      0.0541544      0.0848467
    5.14      0.0960861       0.159392      0.0536405      0.0839509
    5.15      0.0951624       0.157827      0.0531315      0.0830646
    5.16      0.0942476       0.156278      0.0526274      0.0821876
    5.17      0.0933415       0.154744       0.052128      0.0813199
    5.18      0.0924442       0.153225      0.0516334      0.0804614
    5.19      0.0915556        0.15172      0.0511435      0.0796119
     5.2      0.0906754       0.150231      0.0506582      0.0787713
    5.21      0.0898037       0.148756      0.0501775      0.0779397
    5.22      0.0889404       0.147296      0.0497014      0.0771168
    5.23      0.0880854        0.14585      0.0492298      0.0763027
    5.24      0.0872386       0.144418      0.0487627      0.0754971
    5.25         0.0864          0.143         0.0483         0.0747
    5.26      0.0854009       0.141507      0.0477034      0.0738334
    5.27      0.0844134        0.14003      0.0471142      0.0729769
    5.28      0.0834373       0.138568      0.0465322      0.0721304
    5.29      0.0824724       0.137121      0.0459575      0.0712936
     5.3      0.0815187        0.13569      0.0453898      0.0704666
    5.31      0.0805761       0.134273      0.0448292      0.0696492
    5.32      0.0796444       0.132872      0.0442754      0.0688412
    5.33      0.0787234       0.131484      0.0437286      0.0680426
    5.34      0.0778131       0.130112      0.0431884      0.0672533
    5.35      0.0769133       0.128753       0.042655      0.0664731
    5.36      0.0760239       0.127409      0.0421281       0.065702
    5.37      0.0751448       0.126079      0.0416077      0.0649398
    5.38      0.0742758       0.124763      0.0410938      0.0641865
    5.39      0.0734169        0.12346      0.0405862      0.0634419
     5.4       0.072568       0.122172      0.0400849       0.062706
    5.41      0.0717288       0.120896      0.0395898      0.0619785
    5.42      0.0708994       0.119634      0.0391008      0.0612596
    5.43      0.0700795       0.118385      0.0386178      0.0605489
    5.44      0.0692692       0.117149      0.0381408      0.0598465
    5.45      0.0684682       0.115926      0.0376697      0.0591523
    5.46      0.0676764       0.114716      0.0372044      0.0584661
    5.47      0.0668939       0.113518      0.0367449      0.0577879
    5.48      0.0661203       0.112333       0.036291      0.0571175
    5.49      0.0653557        0.11116      0.0358427      0.0564549
     5.5         0.0646           0.11         0.0354         0.0558
    5.51      0.0639921       0.108794      0.0351284      0.0551217
    5.52      0.0633898       0.107601      0.0348589      0.0544516
    5.53      0.0627933       0.106421      0.0345915      0.0537897
    5.54      0.0622023       0.105254      0.0343261      0.0531358
    5.55      0.0616169         0.1041      0.0340627      0.0524899
    5.56      0.0610371       0.102959      0.0338014      0.0518518
    5.57      0.0604626        0.10183       0.033542      0.0512215
    5.58      0.0598936       0.100713      0.0332847      0.0505988
    5.59        0.05933       0.099609      0.0330293      0.0499838
     5.6      0.0587716      0.0985168      0.0327759      0.0493762
    5.61      0.0582185      0.0974366      0.0325245      0.0487759
    5.62      0.0576706      0.0963682      0.0322749       0.048183
    5.63      0.0571279      0.0953115      0.0320273      0.0475973
    5.64      0.0565902      0.0942665      0.0317816      0.0470187
    5.65      0.0560577      0.0932328      0.0315378      0.0464471
    5.66      0.0555301      0.0922106      0.0312958      0.0458825
    5.67      0.0550075      0.0911995      0.0310557      0.0453247
    5.68      0.0544899      0.0901995      0.0308174      0.0447738
    5.69       0.053977      0.0892105       0.030581      0.0442295
     5.7      0.0534691      0.0882323      0.0303464      0.0436918
    5.71      0.0529659      0.0872649      0.0301136      0.0431607
    5.72      0.0524674       0.086308      0.0298825       0.042636
    5.73      0.0519736      0.0853617      0.0296533      0.0421178
    5.74      0.0514845      0.0844257      0.0294258      0.0416058
    5.75          0.051         0.0835         0.0292         0.0411
    5.76      0.0504505      0.0825169      0.0287144      0.0406125
    5.77      0.0499069      0.0815453      0.0282369      0.0401309
    5.78      0.0493692      0.0805852      0.0277673      0.0396549
    5.79      0.0488372      0.0796363      0.0273055      0.0391846
     5.8       0.048311      0.0786987      0.0268514      0.0387198
    5.81      0.0477905      0.0777721      0.0264048      0.0382606
    5.82      0.0472755      0.0768564      0.0259657      0.0378068
    5.83      0.0467661      0.0759515      0.0255339      0.0373584
    5.84      0.0462623      0.0750572      0.0251092      0.0369153
    5.85      0.0457638      0.0741735      0.0246917      0.0364775
    5.86      0.0452707      0.0733001       0.024281      0.0360449
    5.87      0.0447829      0.0724371      0.0238772      0.0356174
    5.88      0.0443004      0.0715842      0.0234801      0.0351949
    5.89      0.0438231      0.0707414      0.0230896      0.0347775
     5.9      0.0433509      0.0699084      0.0227056       0.034365
    5.91      0.0428838      0.0690853       0.022328      0.0339574
    5.92      0.0424217      0.0682719      0.0219567      0.0335547
    5.93      0.0419646      0.0674681      0.0215916      0.0331567
    5.94      0.0415125      0.0666737      0.0212325      0.0327635
    5.95      0.0410652      0.0658886      0.0208794      0.0323749
    5.96      0.0406227      0.0651129      0.0205321      0.0319909
    5.97       0.040185      0.0643462      0.0201907      0.0316115
    5.98       0.039752      0.0635886      0.0198549      0.0312366
    5.99      0.0393237      0.0628399      0.0195247      0.0308661
       6         0.0389         0.0621         0.0192         0.0305
    6.01      0.0384297      0.0614118      0.0188911      0.0299774
    6.02      0.0379651      0.0607312      0.0185872      0.0294638
    6.03      0.0375061      0.0600582      0.0182882       0.028959
    6.04      0.0370526      0.0593926       0.017994      0.0284628
    6.05      0.0366046      0.0587344      0.0177045      0.0279752
    6.06      0.0361621      0.0580835      0.0174196      0.0274959
    6.07      0.0357249      0.0574399      0.0171394      0.0270248
    6.08      0.0352929      0.0568033      0.0168637      0.0265618
    6.09      0.0348662      0.0561738      0.0165924      0.0261067
     6.1      0.0344447      0.0555513      0.0163254      0.0256594
    6.11      0.0340283      0.0549357      0.0160628      0.0252197
    6.12      0.0336169      0.0543269      0.0158044      0.0247876
    6.13      0.0332104      0.0537248      0.0155501      0.0243629
    6.14      0.0328089      0.0531294         0.0153      0.0239455
    6.15      0.0324122      0.0525406      0.0150538      0.0235353
    6.16      0.0320204      0.0519584      0.0148116       0.023132
    6.17      0.0316332      0.0513826      0.0145733      0.0227357
    6.18      0.0312508      0.0508131      0.0143389      0.0223462
    6.19       0.030873        0.05025      0.0141082      0.0219633
     6.2      0.0304997      0.0496932      0.0138812       0.021587
    6.21      0.0301309      0.0491425      0.0136579      0.0212171
    6.22      0.0297667      0.0485979      0.0134382      0.0208536
    6.23      0.0294068      0.0480593       0.013222      0.0204963
    6.24      0.0290512      0.0475267      0.0130093      0.0201452
    6.25         0.0287          0.047         0.0128         0.0198
    6.26      0.0283808       0.046491      0.0126732       0.019602
    6.27      0.0280652      0.0459876      0.0125477      0.0194059
    6.28      0.0277531      0.0454896      0.0124234      0.0192118
    6.29      0.0274444       0.044997      0.0123003      0.0190196
     6.3      0.0271392      0.0445097      0.0121785      0.0188294
    6.31      0.0268374      0.0440277      0.0120579      0.0186411
    6.32      0.0265389       0.043551      0.0119384      0.0184546
    6.33      0.0262438      0.0430793      0.0118202        0.01827
    6.34      0.0259519      0.0426128      0.0117031      0.0180873
    6.35      0.0256633      0.0421514      0.0115872      0.0179064
    6.36      0.0253779      0.0416949      0.0114724      0.0177273
    6.37      0.0250957      0.0412434      0.0113588      0.0175499
    6.38      0.0248166      0.0407968      0.0112463      0.0173744
    6.39      0.0245406       0.040355      0.0111349      0.0172006
     6.4      0.0242677       0.039918      0.0110246      0.0170286
    6.41      0.0239978      0.0394857      0.0109154      0.0168583
    6.42      0.0237309      0.0390582      0.0108073      0.0166896
    6.43       0.023467      0.0386352      0.0107002      0.0165227
    6.44       0.023206      0.0382168      0.0105942      0.0163574
    6.45       0.022948       0.037803      0.0104893      0.0161938
    6.46      0.0226928      0.0373936      0.0103854      0.0160319
    6.47      0.0224404      0.0369887      0.0102825      0.0158715
    6.48      0.0221908      0.0365881      0.0101807      0.0157128
    6.49       0.021944      0.0361919      0.0100798      0.0155556
     6.5         0.0217         0.0358        0.00998         0.0154
    6.51      0.0214424      0.0354035     0.00986871      0.0151886
    6.52       0.021188      0.0350114     0.00975865        0.01498
    6.53      0.0209365      0.0346237     0.00964983      0.0147744
    6.54       0.020688      0.0342402     0.00954221      0.0145715
    6.55      0.0204425       0.033861      0.0094358      0.0143715
    6.56      0.0201998       0.033486     0.00933057      0.0141742
    6.57      0.0199601      0.0331152     0.00922652      0.0139796
    6.58      0.0197232      0.0327484     0.00912363      0.0137877
    6.59      0.0194891      0.0323858     0.00902188      0.0135984
     6.6      0.0192578      0.0320271     0.00892127      0.0134117
    6.61      0.0190292      0.0316724     0.00882179      0.0132275
    6.62      0.0188034      0.0313216     0.00872341      0.0130459
    6.63      0.0185802      0.0309748     0.00862613      0.0128668
    6.64      0.0183597      0.0306317     0.00852993      0.0126902
    6.65      0.0181418      0.0302925      0.0084348       0.012516
    6.66      0.0179264       0.029957     0.00834074      0.0123441
    6.67      0.0177137      0.0296252     0.00824773      0.0121747
    6.68      0.0175034      0.0292971     0.00815575      0.0120075
    6.69      0.0172957      0.0289727      0.0080648      0.0118427
     6.7      0.0170904      0.0286518     0.00797486      0.0116801
    6.71      0.0168876      0.0283345     0.00788593      0.0115197
    6.72      0.0166871      0.0280207     0.00779799      0.0113616
    6.73      0.0164891      0.0277104     0.00771102      0.0112056
    6.74      0.0162934      0.0274035     0.00762503      0.0110517
    6.75         0.0161         0.0271        0.00754         0.0109
    6.76      0.0158792      0.0267456     0.00741593      0.0107523
    6.77      0.0156615      0.0263958      0.0072939      0.0106066
    6.78      0.0154467      0.0260506     0.00717388      0.0104629
    6.79      0.0152349      0.0257099     0.00705584      0.0103211
     6.8      0.0150259      0.0253736     0.00693974      0.0101813
    6.81      0.0148199      0.0250418     0.00682554      0.0100433
    6.82      0.0146167      0.0247143     0.00671323     0.00990721
    6.83      0.0144162       0.024391     0.00660277     0.00977297
    6.84      0.0142185       0.024072     0.00649412     0.00964054
    6.85      0.0140235      0.0237572     0.00638726     0.00950991
    6.86      0.0138312      0.0234465     0.00628216     0.00938105
    6.87      0.0136416      0.0231399     0.00617879     0.00925394
    6.88      0.0134545      0.0228372     0.00607712     0.00912855
    6.89        0.01327      0.0225385     0.00597712     0.00900485
     6.9       0.013088      0.0222438     0.00587877     0.00888284
    6.91      0.0129085      0.0219529     0.00578203     0.00876247
    6.92      0.0127315      0.0216657     0.00568689     0.00864374
    6.93      0.0125569      0.0213824     0.00559331     0.00852661
    6.94      0.0123847      0.0211027     0.00550128     0.00841108
    6.95      0.0122149      0.0208268     0.00541075     0.00829711
    6.96      0.0120474      0.0205544     0.00532172     0.00818468
    6.97      0.0118822      0.0202855     0.00523415     0.00807378
    6.98      0.0117192      0.0200202     0.00514803     0.00796437
    6.99      0.0115585      0.0197584     0.00506332     0.00785646
       7         0.0114         0.0195        0.00498        0.00775
    7.01      0.0111905      0.0192038     0.00489631     0.00758127
    7.02      0.0109848      0.0189121     0.00481403     0.00741621
    7.03       0.010783      0.0186248     0.00473312     0.00725475
    7.04      0.0105848      0.0183419     0.00465358      0.0070968
    7.05      0.0103903      0.0180633     0.00457538     0.00694229
    7.06      0.0101993       0.017789     0.00449849     0.00679115
    7.07      0.0100119      0.0175188     0.00442289     0.00664329
    7.08     0.00982792      0.0172527     0.00434856     0.00649866
    7.09      0.0096473      0.0169906     0.00427548     0.00635717
     7.1     0.00947001      0.0167325     0.00420363     0.00621876
    7.11     0.00929598      0.0164784     0.00413299     0.00608337
    7.12     0.00912514      0.0162281     0.00406353     0.00595093
    7.13     0.00895745      0.0159816     0.00399524     0.00582136
    7.14     0.00879283      0.0157388      0.0039281     0.00569462
    7.15     0.00863124      0.0154998     0.00386209     0.00557064
    7.16     0.00847263      0.0152643     0.00379719     0.00544936
    7.17     0.00831692      0.0150325     0.00373337     0.00533072
    7.18     0.00816408      0.0148041     0.00367063     0.00521466
    7.19     0.00801404      0.0145793     0.00360895     0.00510113
     7.2     0.00786677      0.0143578      0.0035483     0.00499007
    7.21      0.0077222      0.0141397     0.00348867     0.00488142
    7.22     0.00758028      0.0139249     0.00343004     0.00477515
    7.23     0.00744098      0.0137134      0.0033724     0.00467118
    7.24     0.00730423      0.0135051     0.00331572     0.00456949
    7.25        0.00717         0.0133        0.00326        0.00447
    7.26     0.00704627      0.0130731     0.00319367      0.0043933
    7.27     0.00692467        0.01285     0.00312869     0.00431792
    7.28     0.00680517      0.0126308     0.00306504     0.00424383
    7.29     0.00668773      0.0124153     0.00300267     0.00417102
     7.3     0.00657232      0.0122035     0.00294158     0.00409945
    7.31      0.0064589      0.0119953     0.00288173     0.00402911
    7.32     0.00634744      0.0117906      0.0028231     0.00395998
    7.33     0.00623791      0.0115895     0.00276566     0.00389203
    7.34     0.00613026      0.0113918     0.00270939     0.00382525
    7.35     0.00602447      0.0111974     0.00265427     0.00375962
    7.36      0.0059205      0.0110064     0.00260026     0.00369511
    7.37     0.00581833      0.0108186     0.00254736     0.00363171
    7.38     0.00571793       0.010634     0.00249553     0.00356939
    7.39     0.00561925      0.0104526     0.00244475     0.00350815
     7.4     0.00552228      0.0102743     0.00239501     0.00344796
    7.41     0.00542698       0.010099     0.00234628      0.0033888
    7.42     0.00533333     0.00992667     0.00229855     0.00333065
    7.43     0.00524129     0.00975731     0.00225178      0.0032735
    7.44     0.00515084     0.00959084     0.00220596     0.00321734
    7.45     0.00506195     0.00942721     0.00216108     0.00316213
    7.46      0.0049746     0.00926637     0.00211711     0.00310787
    7.47     0.00488875     0.00910828     0.00207404     0.00305455
    7.48     0.00480439     0.00895288     0.00203184     0.00300214
    7.49     0.00472148     0.00880014      0.0019905     0.00295063
     7.5        0.00464        0.00865        0.00195         0.0029
    7.51     0.00455793     0.00852492     0.00188603     0.00284393
    7.52     0.00447731     0.00840165     0.00182416     0.00278894
    7.53     0.00439812     0.00828017     0.00176432     0.00273502
    7.54     0.00432032     0.00816044     0.00170644     0.00268214
    7.55     0.00424391     0.00804244     0.00165046     0.00263028
    7.56     0.00416884     0.00792615     0.00159631     0.00257943
    7.57      0.0040951     0.00781154     0.00154395     0.00252956
    7.58     0.00402267     0.00769858      0.0014933     0.00248065
    7.59     0.00395152     0.00758726     0.00144431     0.00243269
     7.6     0.00388162     0.00747755     0.00139693     0.00238565
    7.61     0.00381297     0.00736943      0.0013511     0.00233952
    7.62     0.00374552     0.00726287     0.00130678     0.00229429
    7.63     0.00367927     0.00715785     0.00126391     0.00224993
    7.64     0.00361419     0.00705435     0.00122245     0.00220643
    7.65     0.00355027     0.00695234     0.00118234     0.00216377
    7.66     0.00348747     0.00685181     0.00114356     0.00212194
    7.67     0.00342579     0.00675274     0.00110604     0.00208091
    7.68     0.00336519     0.00665509     0.00106976     0.00204067
    7.69     0.00330567     0.00655886     0.00103466     0.00200122
     7.7      0.0032472     0.00646402     0.00100072     0.00196253
    7.71     0.00318976     0.00637055    0.000967894     0.00192458
    7.72     0.00313334     0.00627844    0.000936142     0.00188737
    7.73     0.00307792     0.00618765    0.000905431     0.00185088
    7.74     0.00302348     0.00609818    0.000875728     0.00181509
    7.75        0.00297        0.00601       0.000847        0.00178
    7.76     0.00289886     0.00590327    0.000834668     0.00174347
    7.77     0.00282942     0.00579844    0.000822515      0.0017077
    7.78     0.00276164     0.00569547    0.000810539     0.00167265
    7.79     0.00269549     0.00559432    0.000798738     0.00163833
     7.8     0.00263092     0.00549498    0.000787108     0.00160471
    7.81      0.0025679     0.00539739    0.000775648     0.00157178
    7.82     0.00250639     0.00530154    0.000764354     0.00153953
    7.83     0.00244635      0.0052074    0.000753225     0.00150794
    7.84     0.00238775     0.00511492    0.000742258     0.00147699
    7.85     0.00233056     0.00502409    0.000731451     0.00144669
    7.86     0.00227473     0.00493487    0.000720801       0.001417
    7.87     0.00222024     0.00484723    0.000710306     0.00138792
    7.88     0.00216706     0.00476115    0.000699964     0.00135944
    7.89     0.00211515      0.0046766    0.000689773     0.00133155
     7.9     0.00206448     0.00459355     0.00067973     0.00130422
    7.91     0.00201503     0.00451198    0.000669833     0.00127746
    7.92     0.00196676     0.00443185     0.00066008     0.00125125
    7.93     0.00191965     0.00435315    0.000650469     0.00122557
    7.94     0.00187367     0.00427584    0.000640998     0.00120042
    7.95     0.00182879     0.00419991    0.000631666     0.00117579
    7.96     0.00178498     0.00412532    0.000622468     0.00115166
    7.97     0.00174222     0.00405207    0.000613405     0.00112803
    7.98     0.00170049     0.00398011    0.000604474     0.00110488
    7.99     0.00165976     0.00390943    0.000595673     0.00108221
       8        0.00162        0.00384       0.000587        0.00106
    8.01     0.00158119     0.00377181    0.000578453     0.00103825
    8.02     0.00154332     0.00370483    0.000570031     0.00101694
    8.03     0.00150635     0.00363903    0.000561731    0.000996075
    8.04     0.00147027     0.00357441    0.000553553    0.000975636
    8.05     0.00143505     0.00351093    0.000545493    0.000955615
    8.06     0.00140067     0.00344858     0.00053755    0.000936006
    8.07     0.00136712     0.00338734    0.000529724    0.000916799
    8.08     0.00133437     0.00332719    0.000522011    0.000897986
    8.09     0.00130241      0.0032681     0.00051441    0.000879559
     8.1     0.00127121     0.00321007    0.000506921     0.00086151
    8.11     0.00124076     0.00315306     0.00049954    0.000843831
    8.12     0.00121104     0.00309707    0.000492267    0.000826516
    8.13     0.00128774     0.00313838    0.000311504    0.000669883
    8.14     0.00125019     0.00308264    0.000300258    0.000651543
    8.15     0.00121345     0.00302774    0.000289329    0.000633601
    8.16      0.0011775     0.00297369    0.000278712    0.000616051
    8.17     0.00114236     0.00292046    0.000268402    0.000598887
    8.18     0.00110799     0.00286804    0.000258391    0.000582103
    8.19     0.00107439     0.00281644    0.000248676    0.000565694
     8.2     0.00104156     0.00276563    0.000239249    0.000549653
    8.21     0.00100948      0.0027156    0.000230106    0.000533975
    8.22    0.000978145     0.00266636     0.00022124    0.000518654
    8.23    0.000947543     0.00261787    0.000212646    0.000503684
    8.24    0.000917665     0.00257015    0.000204318     0.00048906
    8.25      0.0008885     0.00252317    0.000196251    0.000474775
    8.26     0.00086004     0.00247692    0.000188439    0.000460826
    8.27    0.000832274     0.00243141    0.000180876    0.000447205
    8.28    0.000805192     0.00238661    0.000173558    0.000433907
    8.29    0.000778785     0.00234252    0.000166478    0.000420928
     8.3    0.000753042     0.00229913    0.000159632    0.000408261
    8.31    0.000727953     0.00225643    0.000153013    0.000395901
    8.32    0.000703508     0.00221441    0.000146617    0.000383844
    8.33    0.000679697     0.00217306    0.000140437    0.000372082
    8.34     0.00065651     0.00213238     0.00013447    0.000360613
    8.35    0.000633937     0.00209235     0.00012871    0.000349429
    8.36    0.000611967     0.00205296    0.000123151    0.000338526
    8.37    0.000590591     0.00201422    0.000117789      0.0003279
    8.38    0.000569798      0.0019761    0.000112618    0.000317544
    8.39    0.000549578      0.0019386    0.000107634    0.000307454
     8.4    0.000529921     0.00190171    0.000102832    0.000297625
    8.41    0.000510817     0.00186543    9.82058e-05    0.000288052
    8.42    0.000492256     0.00182974     9.3752e-05     0.00027873
    8.43    0.000474228     0.00179464    8.94654e-05    0.000269655
    8.44    0.000456722     0.00176012    8.53414e-05    0.000260821
    8.45    0.000439729     0.00172617    8.13754e-05    0.000252224
    8.46    0.000423238     0.00169278    7.75627e-05    0.000243859
    8.47     0.00040724     0.00165995    7.38991e-05    0.000235722
    8.48    0.000391725     0.00162767      7.038e-05    0.000227807
    8.49    0.000376683     0.00159592    6.70012e-05    0.000220112
     8.5    0.000362104     0.00156471    6.37583e-05     0.00021263
    8.51    0.000347978     0.00153403    6.06473e-05    0.000205357
    8.52    0.000334295     0.00150386    5.76639e-05     0.00019829
    8.53    0.000321047     0.00147421    5.48043e-05    0.000191424
    8.54    0.000308223     0.00144506    5.20643e-05    0.000184754
    8.55    0.000295813     0.00141641    4.94402e-05    0.000178276
    8.56    0.000283809     0.00138824     4.6928e-05    0.000171987
    8.57    0.000272202     0.00136056    4.45242e-05    0.000165882
    8.58     0.00026098     0.00133335     4.2225e-05    0.000159956
    8.59    0.000250137     0.00130662    4.00268e-05    0.000154207
     8.6    0.000239662     0.00128035    3.79261e-05     0.00014863
    8.61    0.000229546     0.00125453    3.59196e-05     0.00014322
    8.62    0.000219781     0.00122916    3.40039e-05    0.000137975
    8.63    0.000210357     0.00120423    3.21757e-05    0.000132891
    8.64    0.000201266     0.00117974    3.04317e-05    0.000127963
    8.65      0.0001925     0.00115568     2.8769e-05    0.000123187
    8.66    0.000184049     0.00113205    2.71845e-05    0.000118562
    8.67    0.000175906     0.00110883    2.56751e-05    0.000114082
    8.68    0.000168062     0.00108602    2.42381e-05    0.000109744
    8.69    0.000160508     0.00106362    2.28706e-05    0.000105544
     8.7    0.000153237     0.00104162    2.15698e-05     0.00010148
    8.71    0.000146242     0.00102001    2.03332e-05    9.75481e-05
    8.72    0.000139513    0.000998793    1.91581e-05    9.37444e-05
    8.73    0.000133043    0.000977955    1.80421e-05     9.0066e-05
    8.74    0.000126825    0.000957492    1.69826e-05    8.65095e-05
    8.75    0.000120851      0.0009374    1.59774e-05    8.30719e-05
    8.76    0.000115114    0.000917673    1.50241e-05      7.975e-05
    8.77    0.000109606    0.000898305    1.41205e-05    7.65407e-05
    8.78    0.000104321    0.000879291    1.32645e-05    7.34411e-05
    8.79    9.92516e-05    0.000860625    1.24539e-05    7.04481e-05
     8.8    9.43907e-05    0.000842303    1.16869e-05     6.7559e-05
    8.81    8.97318e-05    0.000824319    1.09613e-05    6.47707e-05
    8.82    8.52683e-05    0.000806668    1.02754e-05    6.20806e-05
    8.83    8.09938e-05    0.000789344    9.62729e-06    5.94858e-05
    8.84    7.69019e-05    0.000772343    9.01524e-06    5.69837e-05
    8.85    7.29865e-05    0.000755659    8.43757e-06    5.45716e-05
    8.86    6.92416e-05    0.000739288    7.89263e-06    5.22469e-05
    8.87    6.56613e-05    0.000723224    7.37886e-06    5.00071e-05
    8.88    6.22397e-05    0.000707464    6.89474e-06    4.78497e-05
    8.89    5.89713e-05    0.000692002    6.43881e-06    4.57723e-05
     8.9    5.58505e-05    0.000676833    6.00967e-06    4.37723e-05
    8.91     5.2872e-05    0.000661953    5.60599e-06    4.18476e-05
    8.92    5.00305e-05    0.000647357    5.22646e-06    3.99959e-05
    8.93     4.7321e-05     0.00063304    4.86985e-06    3.82148e-05
    8.94    4.47384e-05    0.000618999    4.53496e-06    3.65021e-05
    8.95    4.22779e-05    0.000605229    4.22066e-06    3.48558e-05
    8.96    3.99349e-05    0.000591725    3.92586e-06    3.32738e-05
    8.97    3.77046e-05    0.000578482     3.6495e-06    3.17539e-05
    8.98    3.55828e-05    0.000565498     3.3906e-06    3.02942e-05
    8.99    3.35649e-05    0.000552768    3.14819e-06    2.88927e-05
       9    3.16469e-05    0.000540286    2.92135e-06    2.75476e-05
    9.01    2.98246e-05     0.00052805    2.70923e-06    2.62569e-05
    9.02    2.80941e-05    0.000516056    2.51098e-06    2.50188e-05
    9.03    2.64516e-05    0.000504299    2.32581e-06    2.38316e-05
    9.04    2.48933e-05    0.000492775    2.15297e-06    2.26935e-05
    9.05    2.34155e-05     0.00048148    1.99174e-06    2.16029e-05
    9.06    2.20149e-05    0.000470411    1.84143e-06     2.0558e-05
    9.07    2.06881e-05    0.000459564    1.70139e-06    1.95574e-05
    9.08    1.94317e-05    0.000448936    1.57101e-06    1.85994e-05
    9.09    1.82427e-05    0.000438521    1.44969e-06    1.76825e-05
     9.1     1.7118e-05    0.000428318    1.33688e-06    1.68052e-05
    9.11    1.60546e-05    0.000418322    1.23205e-06    1.59662e-05
    9.12    1.50497e-05    0.000408529     1.1347e-06     1.5164e-05
    9.13    1.41006e-05    0.000398936    1.04436e-06    1.43972e-05
    9.14    1.32046e-05    0.000389541    9.60577e-07    1.36645e-05
    9.15    1.23592e-05    0.000380338    8.82927e-07    1.29648e-05
    9.16     1.1562e-05    0.000371326    8.11011e-07    1.22966e-05
    9.17    1.08106e-05      0.0003625     7.4445e-07    1.16588e-05
    9.18    1.01027e-05    0.000353858    6.82889e-07    1.10503e-05
    9.19    9.43628e-06    0.000345396     6.2599e-07    1.04698e-05
     9.2    8.80911e-06    0.000337111    5.73438e-07    9.91634e-06
    9.21    8.21924e-06       0.000329    5.24933e-07     9.3888e-06
    9.22    7.66476e-06     0.00032106    4.80197e-07    8.88615e-06
    9.23    7.14382e-06    0.000313288    4.38964e-07    8.40738e-06
    9.24    6.65466e-06     0.00030568    4.00989e-07    7.95153e-06
    9.25    6.19561e-06    0.000298234    3.66039e-07    7.51765e-06
    9.26    5.76504e-06    0.000290948    3.33895e-07    7.10485e-06
    9.27    5.36142e-06    0.000283817    3.04355e-07    6.71223e-06
    9.28    4.98327e-06    0.000276839    2.77227e-07    6.33895e-06
    9.29    4.62918e-06    0.000270012    2.52332e-07     5.9842e-06
     9.3    4.29783e-06    0.000263333    2.29505e-07    5.64717e-06
    9.31    3.98792e-06    0.000256799    2.08588e-07    5.32711e-06
    9.32    3.69823e-06    0.000250407    1.89436e-07    5.02328e-06
    9.33    3.42761e-06    0.000244155    1.71913e-07    4.73496e-06
    9.34    3.17494e-06    0.000238039    1.55894e-07    4.46146e-06
    9.35    2.93918e-06    0.000232059     1.4126e-07    4.20213e-06
    9.36    2.71933e-06     0.00022621    1.27902e-07    3.95633e-06
    9.37    2.51443e-06    0.000220492    1.15718e-07    3.72345e-06
    9.38    2.32358e-06      0.0002149    1.04614e-07    3.50288e-06
    9.39    2.14593e-06    0.000209433     9.4501e-08    3.29407e-06
     9.4    1.98067e-06    0.000204088    8.52991e-08    3.09647e-06
    9.41    1.82702e-06    0.000198864    7.69324e-08    2.90955e-06
    9.42    1.68426e-06    0.000193757    6.93312e-08     2.7328e-06
    9.43     1.5517e-06    0.000188765    6.24311e-08    2.56574e-06
    9.44    1.42868e-06    0.000183887    5.61725e-08    2.40791e-06
    9.45     1.3146e-06     0.00017912    5.05004e-08    2.25885e-06
    9.46    1.20887e-06    0.000174462     4.5364e-08    2.11814e-06
    9.47    1.11094e-06    0.000169911    4.07166e-08    1.98537e-06
    9.48    1.02029e-06    0.000165465    3.65152e-08    1.86013e-06
    9.49    9.36441e-07    0.000161121    3.27201e-08    1.74206e-06
     9.5     8.5893e-07    0.000156877    2.92949e-08    1.63079e-06
    9.51    7.87324e-07    0.000152733    2.62062e-08    1.52597e-06
    9.52    7.21217e-07    0.000148685    2.34234e-08    1.42727e-06
    9.53    6.60227e-07    0.000144732    2.09182e-08    1.33438e-06
    9.54    6.03996e-07    0.000140872    1.86649e-08    1.24699e-06
    9.55    5.52187e-07    0.000137102      1.664e-08    1.16481e-06
    9.56    5.04485e-07    0.000133422    1.48219e-08    1.08756e-06
    9.57    4.60594e-07     0.00012983    1.31909e-08    1.01499e-06
    9.58    4.20236e-07    0.000126322    1.17291e-08    9.46837e-07
    9.59    3.83154e-07    0.000122899    1.04201e-08    8.82863e-07
     9.6    3.49105e-07    0.000119558     9.2489e-09     8.2284e-07
    9.61    3.17862e-07    0.000116297    8.20201e-09    7.66548e-07
    9.62    2.89215e-07    0.000113115    7.26707e-09    7.13781e-07
    9.63    2.62965e-07     0.00011001    6.43287e-09     6.6434e-07
    9.64    2.38931e-07    0.000106981    5.68924e-09    6.18037e-07
    9.65    2.16939e-07    0.000104026    5.02696e-09    5.74694e-07
    9.66    1.96832e-07    0.000101143    4.43768e-09     5.3414e-07
    9.67    1.78461e-07    9.83308e-05    3.91384e-09    4.96214e-07
    9.68    1.61688e-07    9.55881e-05    3.44861e-09    4.60762e-07
    9.69    1.46385e-07    9.29133e-05    3.03583e-09    4.27639e-07
     9.7    1.32434e-07     9.0305e-05    2.66993e-09    3.96706e-07
    9.71    1.19725e-07    8.77617e-05    2.34589e-09    3.67834e-07
    9.72    1.08156e-07     8.5282e-05    2.05922e-09    3.40897e-07
    9.73    9.76324e-08    8.28647e-05    1.80583e-09    3.15779e-07
    9.74     8.8067e-08    8.05082e-05    1.58209e-09    2.92368e-07
    9.75    7.93791e-08    7.82113e-05    1.38473e-09    2.70559e-07
    9.76    7.14942e-08    7.59728e-05    1.21079e-09    2.50252e-07
    9.77    6.43437e-08    7.37912e-05    1.05766e-09    2.31354e-07
    9.78    5.78641e-08    7.16654e-05    9.22986e-10    2.13775e-07
    9.79    5.19971e-08    6.95941e-05    8.04653e-10    1.97432e-07
     9.8    4.66888e-08    6.75762e-05    7.00788e-10    1.82246e-07
    9.81    4.18898e-08    6.56104e-05    6.09714e-10    1.68142e-07
    9.82    3.75547e-08    6.36956e-05    5.29937e-10     1.5505e-07
    9.83    3.36418e-08    6.18305e-05    4.60129e-10    1.42903e-07
    9.84    3.01127e-08    6.00142e-05    3.99105e-10     1.3164e-07
    9.85    2.69323e-08    5.82455e-05    3.45818e-10      1.212e-07
    9.86    2.40686e-08    5.65233e-05    2.99334e-10     1.1153e-07
    9.87     2.1492e-08    5.48466e-05    2.58827e-10    1.02577e-07
    9.88    1.91757e-08    5.32142e-05    2.23567e-10     9.4293e-08
    9.89    1.70951e-08    5.16253e-05    1.92906e-10    8.66313e-08
     9.9    1.52278e-08    5.00788e-05    1.66273e-10    7.95493e-08
    9.91    1.35533e-08    4.85737e-05    1.43163e-10    7.30068e-08
    9.92    1.20529e-08     4.7109e-05    1.23133e-10    6.69659e-08
    9.93    1.07096e-08    4.56838e-05    1.05791e-10    6.13912e-08
    9.94    9.50811e-09    4.42972e-05    9.07925e-11    5.62496e-08
    9.95    8.43427e-09    4.29483e-05     7.7835e-11    5.15101e-08
    9.96    7.47536e-09    4.16361e-05    6.66533e-11    4.71438e-08
    9.97    6.61982e-09    4.03598e-05    5.70148e-11    4.31234e-08
    9.98    5.85717e-09    3.91186e-05    4.87158e-11    3.94236e-08
    9.99     5.1779e-09    3.79116e-05    4.15782e-11    3.60209e-08
      10    4.57344e-09     3.6738e-05    3.54464e-11    3.28932e-08
   10.01    4.03602e-09    3.55969e-05    3.01847e-11    3.00199e-08
   10.02    3.55862e-09    3.44876e-05    2.56747e-11    2.73818e-08
   10.03    3.13492e-09    3.34094e-05    2.18136e-11    2.49611e-08
   10.04    2.75922e-09    3.23614e-05    1.85118e-11    2.27411e-08
   10.05    2.42637e-09    3.13429e-05    1.56916e-11    2.07065e-08
   10.06    2.13176e-09    3.03532e-05    1.32855e-11    1.88428e-08
   10.07    1.87123e-09    2.93916e-05    1.12352e-11    1.71367e-08
   10.08    1.64105e-09    2.84574e-05    9.49015e-12    1.55759e-08
   10.09    1.43787e-09    2.75498e-05    8.00663e-12    1.41487e-08
    10.1    1.25869e-09    2.66683e-05    6.74697e-12    1.28446e-08
   10.11    1.10082e-09    2.58121e-05    5.67868e-12    1.16537e-08
   10.12     9.6186e-10    2.49807e-05    4.77379e-12    1.05667e-08
   10.13    8.39655e-10    2.41734e-05    4.00823e-12    9.57528e-09
   10.14    7.32288e-10    2.33896e-05    3.36134e-12    8.67155e-09
   10.15    6.38047e-10    2.26287e-05     2.8154e-12    7.84826e-09
   10.16    5.55407e-10      2.189e-05    2.35523e-12    7.09873e-09
   10.17    4.83009e-10    2.11731e-05    1.96784e-12    6.41678e-09
   10.18    4.19646e-10    2.04774e-05    1.64211e-12     5.7967e-09
   10.19    3.64242e-10    1.98023e-05    1.36859e-12    5.23324e-09
    10.2    3.15847e-10    1.91472e-05    1.13919e-12    4.72155e-09
   10.21    2.73614e-10    1.85118e-05    9.47048e-13    4.25718e-09
   10.22    2.36797e-10    1.78953e-05    7.86309e-13    3.83602e-09
   10.23    2.04731e-10    1.72974e-05    6.52017e-13    3.45429e-09
   10.24    1.76832e-10    1.67175e-05    5.39965e-13    3.10854e-09
   10.25    1.52582e-10    1.61552e-05    4.46591e-13    2.79558e-09
   10.26    1.31526e-10      1.561e-05    3.68884e-13    2.51247e-09
   10.27    1.13262e-10    1.50815e-05      3.043e-13    2.25655e-09
   10.28    9.74345e-11    1.45691e-05    2.50694e-13    2.02536e-09
   10.29    8.37337e-11    1.40724e-05    2.06258e-13    1.81665e-09
    10.3    7.18858e-11    1.35911e-05    1.69473e-13    1.62835e-09
   10.31    6.16507e-11    1.31247e-05    1.39063e-13    1.45859e-09
   10.32    5.28182e-11    1.26728e-05    1.13956e-13    1.30565e-09
   10.33     4.5204e-11    1.22349e-05     9.3256e-14    1.16794e-09
   10.34     3.8647e-11    1.18108e-05    7.62127e-14    1.04405e-09
   10.35    3.30063e-11       1.14e-05    6.21992e-14    9.32663e-10
   10.36    2.81591e-11    1.10022e-05    5.06929e-14    8.32583e-10
   10.37    2.39983e-11    1.06169e-05    4.12581e-14    7.42726e-10
   10.38    2.04303e-11    1.02439e-05    3.35328e-14    6.62106e-10
   10.39    1.73742e-11    9.88281e-06    2.72161e-14    5.89823e-10
    10.4    1.47593e-11    9.53325e-06    2.20583e-14    5.25061e-10
   10.41    1.25243e-11    9.19491e-06    1.78528e-14    4.67079e-10
   10.42    1.06161e-11    8.86749e-06    1.44287e-14    4.15205e-10
   10.43    8.98884e-12    8.55065e-06    1.16447e-14    3.68827e-10
   10.44    7.60259e-12    8.24411e-06    9.38447e-15    3.27395e-10
   10.45    6.42299e-12    7.94756e-06    7.55206e-15    2.90407e-10
   10.46    5.42037e-12    7.66071e-06    6.06867e-15     2.5741e-10
   10.47    4.56914e-12    7.38328e-06    4.86956e-15    2.27996e-10
   10.48    3.84725e-12      7.115e-06    3.90168e-15    2.01796e-10
   10.49    3.23574e-12    6.85559e-06    3.12159e-15    1.78474e-10
    10.5    2.71833e-12    6.60479e-06    2.49379e-15    1.57731e-10
   10.51    2.28105e-12    6.36235e-06    1.98929e-15    1.39294e-10
   10.52    1.91191e-12    6.12802e-06    1.58449e-15    1.22921e-10
   10.53    1.60066e-12    5.90155e-06    1.26017e-15     1.0839e-10
   10.54    1.33852e-12    5.68272e-06    1.00073e-15    9.55054e-11
   10.55      1.118e-12    5.47128e-06    7.93495e-16    8.40881e-11
   10.56    9.32721e-13    5.26703e-06    6.28219e-16    7.39792e-11
   10.57    7.77227e-13    5.06973e-06    4.96608e-16    6.50356e-11
   10.58    6.46887e-13    4.87918e-06    3.91966e-16     5.7129e-11
   10.59    5.37764e-13    4.69517e-06    3.08895e-16    5.01448e-11
    10.6    4.46513e-13     4.5175e-06    2.43052e-16    4.39802e-11
   10.61      3.703e-13    4.34597e-06    1.90946e-16    3.85432e-11
   10.62    3.06724e-13    4.18039e-06    1.49775e-16    3.37517e-11
   10.63    2.53754e-13    4.02058e-06    1.17296e-16    2.95325e-11
   10.64    2.09675e-13    3.86636e-06    9.17145e-17    2.58202e-11
   10.65     1.7304e-13    3.71755e-06    7.15981e-17    2.25566e-11
   10.66     1.4263e-13    3.57399e-06    5.58045e-17    1.96896e-11
   10.67    1.17418e-13    3.43549e-06    4.34249e-17    1.71731e-11
   10.68    9.65424e-14    3.30191e-06    3.37369e-17    1.49662e-11
   10.69    7.92786e-14    3.17309e-06    2.61677e-17    1.30322e-11
    10.7      6.502e-14    3.04888e-06    2.02636e-17    1.13388e-11
   10.71    5.32583e-14    2.92912e-06    1.56659e-17    9.85741e-12
   10.72    4.35688e-14    2.81367e-06    1.20914e-17    8.56244e-12
   10.73    3.55965e-14    2.70239e-06    9.31704e-18    7.43141e-12
   10.74    2.90456e-14    2.59516e-06     7.1673e-18    6.44439e-12
   10.75    2.36697e-14    2.49182e-06    5.50435e-18    5.58378e-12
   10.76    1.92638e-14    2.39227e-06    4.22013e-18    4.83402e-12
   10.77    1.56576e-14    2.29636e-06    3.23006e-18    4.18139e-12
   10.78    1.27097e-14    2.20399e-06    2.46807e-18    3.61379e-12
   10.79    1.03033e-14    2.11503e-06    1.88262e-18    3.12057e-12
    10.8    8.34145e-15    2.02937e-06    1.43358e-18    2.69235e-12
   10.81    6.74417e-15     1.9469e-06    1.08976e-18    2.32088e-12
   10.82    5.44546e-15    1.86751e-06    8.26972e-19    1.99893e-12
   10.83    4.39093e-15     1.7911e-06    6.26458e-19    1.72014e-12
   10.84    3.53584e-15    1.71756e-06    4.73733e-19    1.47894e-12
   10.85    2.84341e-15    1.64681e-06    3.57611e-19    1.27044e-12
   10.86    2.28346e-15    1.57873e-06    2.69476e-19    1.09036e-12
   10.87    1.83127e-15    1.51325e-06    2.02703e-19    9.34984e-13
   10.88     1.4666e-15    1.45027e-06    1.52203e-19     8.0103e-13
   10.89    1.17293e-15    1.38971e-06     1.1408e-19    6.85652e-13
    10.9     9.3676e-16    1.33147e-06    8.53514e-20    5.86363e-13
   10.91    7.47098e-16    1.27549e-06    6.37422e-20    5.00998e-13
   10.92       5.95e-16    1.22167e-06    4.75174e-20    4.27671e-13
   10.93    4.73199e-16    1.16995e-06    3.53578e-20    3.64742e-13
   10.94    3.75798e-16    1.12026e-06    2.62615e-20    3.10788e-13
   10.95    2.98021e-16    1.07251e-06    1.94694e-20     2.6457e-13
   10.96    2.36003e-16    1.02664e-06    1.44072e-20    2.25016e-13
   10.97    1.86623e-16    9.82576e-07    1.06414e-20    1.91197e-13
   10.98    1.47361e-16    9.40263e-07    7.84521e-21    1.62309e-13
   10.99    1.16191e-16    8.99635e-07    5.77288e-21    1.37656e-13
      11    9.14801e-17    8.60629e-07    4.23995e-21    1.16638e-13
   11.01    7.19192e-17    8.23186e-07    3.10816e-21    9.87345e-14
   11.02    5.64578e-17    7.87251e-07    2.27414e-21    8.34996e-14
   11.03    4.42547e-17    7.52766e-07    1.66073e-21    7.05478e-14
   11.04    3.46378e-17    7.19679e-07    1.21044e-21    5.95476e-14
   11.05    2.70702e-17    6.87939e-07    8.80542e-22     5.0214e-14
   11.06    2.11243e-17    6.57494e-07    6.39309e-22    4.23022e-14
   11.07    1.64595e-17    6.28297e-07    4.63258e-22    3.56022e-14
   11.08    1.28054e-17    6.00302e-07    3.35029e-22     2.9934e-14
   11.09    9.94741e-18    5.73462e-07    2.41817e-22    2.51434e-14
    11.1    7.71547e-18    5.47735e-07    1.74193e-22    2.10986e-14
   11.11    5.97512e-18    5.23077e-07     1.2523e-22    1.76869e-14
   11.12    4.62021e-18     4.9945e-07    8.98503e-23    1.48121e-14
   11.13    3.56699e-18    4.76812e-07    6.43365e-23     1.2392e-14
   11.14    2.74958e-18    4.55127e-07    4.59747e-23     1.0357e-14
   11.15    2.11617e-18    4.34356e-07    3.27869e-23    8.64733e-15
   11.16    1.62612e-18    4.14466e-07    2.33344e-23    7.21256e-15
   11.17    1.24758e-18    3.95422e-07    1.65732e-23     6.0097e-15
   11.18    9.55641e-19    3.77191e-07    1.17468e-23     5.0023e-15
   11.19     7.3085e-19    3.59741e-07     8.3088e-24    4.15948e-15
    11.2    5.58042e-19    3.43041e-07    5.86483e-24    3.45508e-15
   11.21    4.25408e-19    3.27062e-07    4.13112e-24    2.86698e-15
   11.22    3.23775e-19    3.11775e-07    2.90382e-24    2.37649e-15
   11.23    2.46023e-19    2.97153e-07    2.03685e-24    1.96785e-15
   11.24    1.86637e-19    2.83169e-07    1.42571e-24    1.62776e-15
   11.25    1.41355e-19    2.69797e-07    9.95819e-25    1.34502e-15
   11.26    1.06882e-19    2.57013e-07    6.94071e-25     1.1102e-15
   11.27    8.06834e-20    2.44794e-07    4.82722e-25    9.15404e-16
   11.28    6.08052e-20    2.33115e-07    3.35008e-25    7.53974e-16
   11.29     4.5748e-20    2.21956e-07    2.31993e-25    6.20342e-16
    11.3    3.43618e-20    2.11294e-07    1.60307e-25    5.09841e-16
   11.31    2.57661e-20     2.0111e-07     1.1053e-25    4.18568e-16
   11.32    1.92879e-20    1.91383e-07    7.60431e-26    3.43258e-16
   11.33     1.4414e-20    1.82096e-07    5.22013e-26     2.8119e-16
   11.34    1.07533e-20    1.73229e-07    3.57556e-26    2.30091e-16
   11.35    8.00856e-21    1.64764e-07    2.44366e-26    1.88069e-16
   11.36    5.95414e-21    1.56686e-07    1.66636e-26     1.5355e-16
   11.37    4.41909e-21    1.48978e-07    1.13377e-26    1.25227e-16
   11.38    3.27409e-21    1.41624e-07    7.69667e-27    1.02014e-16
   11.39    2.42153e-21    1.34608e-07    5.21314e-27    8.30099e-17
    11.4    1.78784e-21    1.27918e-07    3.52297e-27    6.74696e-17
   11.41    1.31766e-21    1.21538e-07    2.37535e-27    5.47762e-17
   11.42    9.69409e-22    1.15456e-07    1.59791e-27    4.44201e-17
   11.43    7.11934e-22    1.09659e-07    1.07245e-27    3.59806e-17
   11.44    5.21912e-22    1.04133e-07     7.1812e-28    2.91109e-17
   11.45    3.81923e-22    9.88687e-08    4.79743e-28    2.35256e-17
   11.46    2.78979e-22    9.38531e-08    3.19748e-28    1.89897e-17
   11.47    2.03415e-22    8.90756e-08    2.12613e-28    1.53106e-17
   11.48    1.48049e-22    8.45258e-08    1.41043e-28    1.23297e-17
   11.49    1.07556e-22    8.01936e-08    9.33436e-29    9.91752e-18
    11.5    7.79948e-23    7.60695e-08    6.16294e-29    7.96781e-18
   11.51    5.64545e-23    7.21441e-08    4.05934e-29    6.39379e-18
   11.52    4.07876e-23    6.84085e-08    2.66737e-29    5.12459e-18
   11.53    2.94138e-23    6.48543e-08    1.74851e-29    4.10241e-18
   11.54    2.11721e-23    6.14732e-08    1.14341e-29    3.28016e-18
   11.55    1.52112e-23    5.82575e-08    7.45904e-30    2.61955e-18
   11.56     1.0908e-23    5.51996e-08    4.85407e-30    2.08944e-18
   11.57    7.80739e-24    5.22923e-08    3.15113e-30    1.66458e-18
   11.58    5.57753e-24    4.95287e-08     2.0406e-30    1.32448e-18
   11.59    3.97695e-24    4.69023e-08    1.31819e-30    1.05258e-18
    11.6    2.83026e-24    4.44066e-08    8.49422e-31    8.35456e-19
   11.61    2.01033e-24    4.20357e-08    5.45992e-31      6.623e-19
   11.62    1.42518e-24    3.97837e-08    3.50077e-31    5.24378e-19
   11.63    1.00839e-24    3.76451e-08    2.23898e-31    4.14659e-19
   11.64    7.12103e-25    3.56146e-08    1.42837e-31    3.27485e-19
   11.65    5.01888e-25     3.3687e-08    9.08931e-32    2.58311e-19
   11.66    3.53034e-25    3.18576e-08    5.76922e-32     2.0349e-19
   11.67    2.47839e-25    3.01216e-08    3.65253e-32      1.601e-19
   11.68    1.73645e-25    2.84746e-08    2.30651e-32    1.25801e-19
   11.69     1.2142e-25    2.69124e-08    1.45278e-32    9.87234e-20
    11.7    8.47324e-26    2.54308e-08    9.12681e-33     7.7374e-20
   11.71    5.90115e-26    2.40261e-08    5.71887e-33    6.05631e-20
   11.72    4.10156e-26    2.26944e-08    3.57411e-33     4.7343e-20
   11.73    2.84499e-26    2.14322e-08    2.22785e-33    3.69604e-20
   11.74    1.96938e-26    2.02362e-08    1.38504e-33    2.88169e-20
   11.75    1.36048e-26    1.91031e-08    8.58799e-34    2.24382e-20
   11.76    9.37918e-27    1.80298e-08    5.31089e-34    1.74483e-20
   11.77    6.45271e-27    1.70134e-08    3.27556e-34      1.355e-20
   11.78    4.43018e-27     1.6051e-08    2.01484e-34    1.05087e-20
   11.79    3.03528e-27      1.514e-08    1.23603e-34    8.13912e-21
    11.8    2.07525e-27    1.42777e-08    7.56216e-35    6.29537e-21
   11.81     1.4159e-27    1.34618e-08    4.61407e-35    4.86271e-21
   11.82    9.64006e-28    1.26899e-08    2.80764e-35      3.751e-21
   11.83    6.54954e-28    1.19598e-08    1.70377e-35    2.88951e-21
   11.84    4.44039e-28    1.12694e-08    1.03107e-35    2.22284e-21
   11.85    3.00404e-28    1.06166e-08    6.22256e-36    1.70763e-21
   11.86    2.02797e-28    9.99953e-09    3.74496e-36    1.31004e-21
   11.87    1.36611e-28    9.41637e-09     2.2476e-36    1.00362e-21
   11.88    9.18273e-29    8.86535e-09    1.34517e-36    7.67812e-22
   11.89    6.15911e-29    8.34482e-09    8.02825e-37    5.86588e-22
    11.9    4.12211e-29    7.85319e-09    4.77794e-37     4.4751e-22
   11.91    2.75279e-29    7.38896e-09    2.83553e-37    3.40926e-22
   11.92    1.83431e-29    6.95069e-09    1.67801e-37    2.59361e-22
   11.93     1.2196e-29    6.53702e-09    9.90189e-38    1.97031e-22
   11.94    8.09101e-30    6.14665e-09    5.82638e-38    1.49467e-22
   11.95    5.35579e-30    5.77835e-09    3.41848e-38    1.13223e-22
   11.96    3.53733e-30    5.43095e-09    1.99992e-38    8.56443e-23
   11.97    2.33107e-30    5.10332e-09    1.16664e-38    6.46901e-23
   11.98    1.53271e-30    4.79442e-09    6.78572e-39     4.8792e-23
   11.99     1.0055e-30    4.50324e-09    3.93539e-39    3.67475e-23
      12    6.58147e-31    4.22882e-09    2.27565e-39    2.76359e-23
   12.01    4.29808e-31    3.97025e-09    1.31204e-39    2.07531e-23
   12.02    2.80049e-31    3.72667e-09    7.54226e-40    1.55615e-23
   12.03    1.82052e-31    3.49726e-09    4.32283e-40    1.16515e-23
   12.04    1.18075e-31    3.28124e-09    2.47025e-40    8.71094e-24
   12.05    7.64042e-32    3.07789e-09    1.40739e-40    6.50283e-24
   12.06     4.9325e-32    2.88649e-09    7.99435e-41     4.8472e-24
   12.07     3.1769e-32    2.70639e-09    4.52733e-41    3.60767e-24
   12.08    2.04138e-32    2.53696e-09    2.55614e-41    2.68108e-24
   12.09    1.30865e-32     2.3776e-09    1.43882e-41    1.98945e-24
    12.1    8.36947e-33    2.22775e-09    8.07428e-42      1.474e-24
   12.11    5.34003e-33    2.08687e-09     4.5172e-42    1.09044e-24
   12.12    3.39904e-33    1.95445e-09     2.5194e-42     8.0545e-25
   12.13    2.15839e-33    1.83002e-09    1.40083e-42     5.9403e-25
   12.14     1.3673e-33    1.71312e-09    7.76467e-43    4.37429e-25
   12.15    8.64075e-34    1.60331e-09    4.29052e-43    3.21613e-25
   12.16    5.44739e-34     1.5002e-09     2.3634e-43    2.36094e-25
   12.17    3.42588e-34     1.4034e-09    1.29778e-43    1.73044e-25
   12.18     2.1493e-34    1.31254e-09    7.10391e-44    1.26633e-25
   12.19    1.34511e-34    1.22727e-09    3.87631e-44    9.25243e-26
    12.2    8.39759e-35    1.14728e-09    2.10843e-44    6.74958e-26
   12.21    5.22973e-35    1.07225e-09    1.14318e-44    4.91596e-26
   12.22    3.24884e-35    1.00189e-09    6.17843e-45    3.57477e-26
   12.23    2.01325e-35    9.35927e-10    3.32848e-45    2.59534e-26
   12.24    1.24446e-35      8.741e-10    1.78736e-45    1.88123e-26
   12.25    7.67326e-36    8.16164e-10    9.56688e-46    1.36141e-26
   12.26    4.71937e-36    7.61887e-10    5.10405e-46    9.83638e-27
   12.27    2.89529e-36    7.11049e-10     2.7142e-46    7.09537e-27
   12.28    1.77174e-36    6.63445e-10    1.43861e-46    5.10983e-27
   12.29    1.08143e-36    6.18879e-10    7.60005e-47     3.6739e-27
    12.3    6.58402e-37    5.77168e-10    4.00178e-47    2.63714e-27
   12.31    3.99823e-37    5.38138e-10    2.10014e-47    1.88983e-27
   12.32    2.42173e-37    5.01625e-10    1.09849e-47    1.35205e-27
   12.33    1.46306e-37    4.67476e-10    5.72657e-48    9.65701e-28
   12.34    8.81596e-38    4.35545e-10    2.97531e-48    6.88598e-28
   12.35    5.29841e-38    4.05696e-10    1.54066e-48    4.90187e-28
   12.36    3.17604e-38      3.778e-10    7.95084e-49    3.48359e-28
   12.37    1.89883e-38    3.51735e-10    4.08925e-49    2.47149e-28
   12.38    1.13224e-38    3.27388e-10    2.09601e-49    1.75047e-28
   12.39    6.73355e-39     3.0465e-10    1.07067e-49    1.23769e-28
    12.4    3.99388e-39    2.83421e-10    5.45036e-50    8.73626e-29
   12.41    2.36258e-39    2.63606e-10    2.76502e-50    6.15595e-29
   12.42    1.39385e-39    2.45114e-10    1.39787e-50     4.3303e-29
   12.43    8.20121e-40    2.27862e-10    7.04246e-51    3.04081e-29
   12.44    4.81246e-40    2.11771e-10    3.53563e-51    2.13161e-29
   12.45    2.81631e-40    1.96767e-10    1.76884e-51    1.49166e-29
   12.46    1.64366e-40     1.8278e-10    8.81826e-52    1.04201e-29
   12.47    9.56664e-41    1.69743e-10    4.38071e-52    7.26632e-30
   12.48    5.55285e-41    1.57596e-10    2.16853e-52    5.05814e-30
   12.49    3.21424e-41    1.46281e-10    1.06965e-52    3.51479e-30
    12.5    1.85541e-41    1.35743e-10    5.25739e-53    2.43802e-30
   12.51    1.06807e-41    1.25932e-10    2.57478e-53    1.68811e-30
   12.52    6.13124e-42      1.168e-10    1.25646e-53    1.16678e-30
   12.53    3.50982e-42    1.08302e-10    6.10923e-54    8.05002e-31
   12.54    2.00357e-42    1.00397e-10    2.95972e-54    5.54399e-31
   12.55    1.14052e-42    9.30437e-11    1.42868e-54    3.81121e-31
   12.56    6.47398e-43    8.62067e-11    6.87118e-55    2.61526e-31
   12.57    3.66445e-43    7.98512e-11    3.29258e-55    1.79133e-31
   12.58    2.06829e-43    7.39447e-11    1.57196e-55    1.22473e-31
   12.59    1.16405e-43     6.8457e-11    7.47727e-56    8.35817e-32
    12.6    6.53261e-44    6.33597e-11    3.54351e-56    5.69351e-32
   12.61    3.65553e-44    5.86265e-11    1.67305e-56     3.8712e-32
   12.62    2.03967e-44    5.42323e-11    7.86973e-57    2.62727e-32
   12.63    1.13477e-44    5.01541e-11    3.68793e-57    1.77973e-32
   12.64    6.29498e-45    4.63701e-11    1.72175e-57    1.20335e-32
   12.65    3.48185e-45    4.28601e-11    8.00785e-58    8.12111e-33
   12.66    1.92022e-45     3.9605e-11    3.71035e-58    5.47041e-33
   12.67    1.05588e-45    3.65873e-11    1.71262e-58    3.67792e-33
   12.68    5.78884e-46    3.37903e-11    7.87493e-59    2.46809e-33
   12.69    3.16433e-46    3.11986e-11    3.60717e-59    1.65307e-33
    12.7    1.72456e-46    2.87979e-11    1.64594e-59    1.10508e-33
   12.71    9.37079e-47    2.65745e-11    7.48144e-60    7.37326e-34
   12.72    5.07658e-47    2.45161e-11    3.38743e-60    4.91009e-34
   12.73    2.74195e-47    2.26109e-11     1.5278e-60    3.26347e-34
   12.74     1.4765e-47     2.0848e-11    6.86378e-61    2.16485e-34
   12.75    7.92667e-48    1.92172e-11    3.07155e-61    1.43327e-34
   12.76    4.24253e-48     1.7709e-11    1.36912e-61    9.47069e-35
   12.77    2.26377e-48    1.63146e-11    6.07871e-62    6.24571e-35
   12.78    1.20422e-48    1.50259e-11    2.68818e-62     4.1108e-35
   12.79    6.38623e-49     1.3835e-11    1.18407e-62    2.70031e-35
    12.8    3.37629e-49    1.27349e-11     5.1947e-63    1.77027e-35
   12.81    1.77946e-49     1.1719e-11    2.26988e-63    1.15824e-35
   12.82    9.34943e-50     1.0781e-11    9.87864e-64    7.56295e-36
   12.83    4.89693e-50    9.91535e-12    4.28191e-64    4.92847e-36
   12.84    2.55683e-50    9.11657e-12    1.84849e-64    3.20523e-36
   12.85     1.3308e-50    8.37974e-12     7.9475e-65    2.08032e-36
   12.86    6.90478e-51    7.70026e-12    3.40306e-65    1.34747e-36
   12.87    3.57117e-51    7.07383e-12    1.45121e-65    8.71012e-37
   12.88    1.84115e-51    6.49648e-12    6.16316e-66    5.61879e-37
   12.89    9.46197e-52    5.96453e-12    2.60666e-66    3.61719e-37
    12.9    4.84709e-52    5.47454e-12    1.09791e-66    2.32384e-37
   12.91    2.47505e-52    5.02335e-12    4.60512e-67    1.48986e-37
   12.92    1.25975e-52    4.60799e-12    1.92355e-67    9.53197e-38
   12.93    6.39112e-53    4.22573e-12    8.00106e-68    6.08581e-38
   12.94    3.23189e-53    3.87405e-12     3.3141e-68    3.87746e-38
   12.95      1.629e-53    3.55058e-12    1.36695e-68    2.46528e-38
   12.96    8.18389e-54    3.25316e-12    5.61435e-69    1.56413e-38
   12.97      4.098e-54    2.97977e-12    2.29616e-69    9.90295e-39
   12.98    2.04527e-54    2.72855e-12    9.35087e-70    6.25656e-39
   12.99     1.0174e-54    2.49775e-12    3.79178e-70    3.94443e-39
      13    5.04415e-55     2.2858e-12    1.53098e-70    2.48146e-39
