# Fission Isotope Spectra
#  U235, Pu239, Pu241: Log-linear Interpolation of reported ILL spectra
#  U238: Log-linear Interpolation of Muller's spectra
#
# The columns have the following definitions:
#   Enu: Antineutrino energy [MeV]
#   dNdE_XXX: Antineutrino spectrum [antineutrinos MeV^-1 fission^-1]
#    Enu      dNdE_U235      dNdE_U238     dNdE_Pu239     dNdE_Pu241
     1.8        1.51185        1.64179        1.21948        1.38202
    1.81        1.50048        1.63329        1.21153        1.37455
    1.82         1.4892        1.62484        1.20363        1.36712
    1.83          1.478        1.61643        1.19579        1.35972
    1.84        1.46688        1.60807          1.188        1.35237
    1.85        1.45585        1.59975        1.18025        1.34506
    1.86         1.4449        1.59148        1.17256        1.33779
    1.87        1.43404        1.58324        1.16492        1.33055
    1.88        1.42325        1.57505        1.15733        1.32336
    1.89        1.41255         1.5669        1.14979         1.3162
     1.9        1.40193         1.5588         1.1423        1.30909
    1.91        1.39139        1.55073        1.13485        1.30201
    1.92        1.38092        1.54271        1.12746        1.29497
    1.93        1.37054        1.53473        1.12011        1.28797
    1.94        1.36023        1.52679        1.11281          1.281
    1.95           1.35        1.51889        1.10556        1.27408
    1.96        1.33985        1.51103        1.09835        1.26719
    1.97        1.32977        1.50321        1.09119        1.26033
    1.98        1.31977        1.49543        1.08408        1.25352
    1.99        1.30985         1.4877        1.07702        1.24674
       2            1.3           1.48           1.07           1.24
    2.01        1.29039        1.47234        1.06215        1.23224
    2.02        1.28086        1.46473        1.05435        1.22454
    2.03         1.2714        1.45715        1.04661        1.21688
    2.04          1.262        1.44961        1.03893        1.20927
    2.05        1.25268        1.44211         1.0313        1.20171
    2.06        1.24342        1.43465        1.02373        1.19419
    2.07        1.23424        1.42723        1.01621        1.18672
    2.08        1.22512        1.41984        1.00876         1.1793
    2.09        1.21606         1.4125        1.00135        1.17193
     2.1        1.20708        1.40519          0.994         1.1646
    2.11        1.19816        1.39792       0.986703        1.15731
    2.12        1.18931        1.39069        0.97946        1.15007
    2.13        1.18052        1.38349        0.97227        1.14288
    2.14         1.1718        1.37633       0.965133        1.13573
    2.15        1.16314        1.36921       0.958049        1.12863
    2.16        1.15454        1.36213       0.951016        1.12157
    2.17        1.14601        1.35508       0.944035        1.11456
    2.18        1.13755        1.34807       0.937105        1.10759
    2.19        1.12914         1.3411       0.930226        1.10066
     2.2         1.1208        1.33416       0.923398        1.09378
    2.21        1.11252        1.32725       0.916619        1.08694
    2.22         1.1043        1.32039       0.909891        1.08014
    2.23        1.09614        1.31356       0.903212        1.07338
    2.24        1.08804        1.30676       0.896581        1.06667
    2.25           1.08            1.3           0.89           1.06
    2.26        1.07215        1.29364       0.881992        1.05166
    2.27        1.06436        1.28731       0.874056        1.04338
    2.28        1.05663        1.28101       0.866192        1.03517
    2.29        1.04895        1.27475       0.858398        1.02702
     2.3        1.04133        1.26851       0.850675        1.01894
    2.31        1.03376        1.26231       0.843021        1.01092
    2.32        1.02625        1.25613       0.835436        1.00296
    2.33        1.01879        1.24998       0.827919       0.995071
    2.34        1.01139        1.24387        0.82047        0.98724
    2.35        1.00404        1.23778       0.813088        0.97947
    2.36       0.996745        1.23173       0.805772       0.971762
    2.37       0.989502         1.2257       0.798522       0.964114
    2.38       0.982312        1.21971       0.791337       0.956526
    2.39       0.975174        1.21374       0.784217       0.948998
     2.4       0.968088         1.2078       0.777161       0.941529
    2.41       0.961054        1.20189       0.770168       0.934119
    2.42       0.954071        1.19601       0.763239       0.926768
    2.43       0.947138        1.19016       0.756372       0.919474
    2.44       0.940256        1.18434       0.749566       0.912238
    2.45       0.933424        1.17855       0.742822       0.905058
    2.46       0.926641        1.17278       0.736138       0.897935
    2.47       0.919908        1.16704       0.729515       0.890869
    2.48       0.913223        1.16133       0.722951       0.883857
    2.49       0.906588        1.15565       0.716446       0.876901
     2.5            0.9           1.15           0.71           0.87
    2.51       0.893981        1.14359       0.705188        0.86485
    2.52       0.888002        1.13721       0.700409       0.859731
    2.53       0.882063        1.13087       0.695662       0.854642
    2.54       0.876164        1.12457       0.690948       0.849583
    2.55       0.870304         1.1183       0.686265       0.844554
    2.56       0.864483        1.11207       0.681614       0.839555
    2.57       0.858702        1.10587       0.676995       0.834586
    2.58       0.852959         1.0997       0.672407       0.829646
    2.59       0.847254        1.09357        0.66785       0.824735
     2.6       0.841588        1.08747       0.663324       0.819853
    2.61       0.835959        1.08141       0.658829          0.815
    2.62       0.830368        1.07538       0.654364       0.810176
    2.63       0.824815        1.06939       0.649929        0.80538
    2.64       0.819298        1.06343       0.645524       0.800613
    2.65       0.813819         1.0575        0.64115       0.795874
    2.66       0.808376         1.0516       0.636805       0.791163
    2.67        0.80297        1.04574       0.632489        0.78648
    2.68       0.797599        1.03991       0.628202       0.781825
    2.69       0.792265        1.03411       0.623945       0.777197
     2.7       0.786966        1.02835       0.619717       0.772597
    2.71       0.781703        1.02261       0.615517       0.768024
    2.72       0.776475        1.01691       0.611345       0.763477
    2.73       0.771282        1.01124       0.607202       0.758958
    2.74       0.766124        1.00561       0.603087       0.754466
    2.75          0.761              1          0.599           0.75
    2.76       0.755605       0.994718       0.594255       0.744455
    2.77       0.750248       0.989465       0.589548       0.738951
    2.78        0.74493       0.984239       0.584878       0.733487
    2.79       0.739649        0.97904       0.580245       0.728064
     2.8       0.734405        0.97387       0.575649       0.722681
    2.81       0.729199       0.968726       0.571089       0.717338
    2.82       0.724029        0.96361       0.566566       0.712034
    2.83       0.718896        0.95852       0.562078        0.70677
    2.84         0.7138       0.953458       0.557625       0.701544
    2.85       0.708739       0.948422       0.553208       0.696357
    2.86       0.703715       0.943413       0.548826       0.691208
    2.87       0.698726        0.93843       0.544479       0.686098
    2.88       0.693773       0.933474       0.540166       0.681025
    2.89       0.688854       0.928544       0.535887        0.67599
     2.9       0.683971       0.923639       0.531642       0.670992
    2.91       0.679122       0.918761       0.527431       0.666031
    2.92       0.674307       0.913909       0.523253       0.661107
    2.93       0.669527       0.909082       0.519109       0.656219
    2.94       0.664781        0.90428       0.514997       0.651367
    2.95       0.660068       0.899504       0.510917       0.646551
    2.96       0.655388       0.894754        0.50687       0.641771
    2.97       0.650742       0.890028       0.502855       0.637026
    2.98       0.646129       0.885327       0.498872       0.632316
    2.99       0.641548       0.880651        0.49492       0.627641
       3          0.637          0.876          0.491          0.623
    3.01       0.632616       0.870991       0.486844       0.618513
    3.02       0.628263        0.86601       0.482723       0.614058
    3.03       0.623939       0.861058       0.478637       0.609635
    3.04       0.619646       0.856135       0.474586       0.605244
    3.05       0.615382       0.851239       0.470569       0.600885
    3.06       0.611147       0.846372       0.466586       0.596557
    3.07       0.606941       0.841532       0.462637        0.59226
    3.08       0.602764        0.83672       0.458721       0.587994
    3.09       0.598616       0.831936       0.454838       0.583759
     3.1       0.594497       0.827178       0.450988       0.579554
    3.11       0.590406       0.822448       0.447171        0.57538
    3.12       0.586343       0.817746       0.443386       0.571236
    3.13       0.582308        0.81307       0.439633       0.567121
    3.14       0.578301        0.80842       0.435912       0.563037
    3.15       0.574321       0.803798       0.432222       0.558981
    3.16       0.570369       0.799201       0.428564       0.554955
    3.17       0.566444       0.794631       0.424936       0.550958
    3.18       0.562546       0.790088       0.421339        0.54699
    3.19       0.558674        0.78557       0.417773        0.54305
     3.2        0.55483       0.781078       0.414237       0.539138
    3.21       0.551012       0.776611       0.410731       0.535255
    3.22        0.54722       0.772171       0.407254         0.5314
    3.23       0.543454       0.767755       0.403807       0.527572
    3.24       0.539714       0.763365       0.400389       0.523773
    3.25          0.536          0.759          0.397           0.52
    3.26        0.53164       0.753934       0.393442       0.515577
    3.27       0.527315       0.748902       0.389917       0.511191
    3.28       0.523025       0.743904       0.386423       0.506842
    3.29       0.518771       0.738939        0.38296       0.502531
     3.3       0.514551       0.734007       0.379528       0.498256
    3.31       0.510365       0.729108       0.376127       0.494018
    3.32       0.506213       0.724242       0.372757       0.489815
    3.33       0.502095       0.719409       0.369417       0.485648
    3.34       0.498011       0.714607       0.366106       0.481517
    3.35        0.49396       0.709838       0.362826       0.477421
    3.36       0.489941         0.7051       0.359574        0.47336
    3.37       0.485956       0.700394       0.356352       0.469333
    3.38       0.482003        0.69572       0.353159       0.465341
    3.39       0.478082       0.691076       0.349994       0.461382
     3.4       0.474193       0.686464       0.346858       0.457458
    3.41       0.470335       0.681882        0.34375       0.453566
    3.42       0.466509       0.677331        0.34067       0.449708
    3.43       0.462714       0.672811       0.337617       0.445882
    3.44        0.45895        0.66832       0.334591        0.44209
    3.45       0.455217        0.66386       0.331593       0.438329
    3.46       0.451514       0.659429       0.328622         0.4346
    3.47       0.447841       0.655028       0.325677       0.430903
    3.48       0.444197       0.650656       0.322759       0.427238
    3.49       0.440584       0.646314       0.319866       0.423603
     3.5          0.437          0.642          0.317           0.42
    3.51       0.433235       0.637525       0.313903       0.416168
    3.52       0.429503       0.633081       0.310836       0.412372
    3.53       0.425803       0.628668       0.307798        0.40861
    3.54       0.422135       0.624286       0.304791       0.404882
    3.55       0.418498       0.619934       0.301813       0.401189
    3.56       0.414893       0.615613       0.298864       0.397529
    3.57       0.411319       0.611322       0.295944       0.393902
    3.58       0.407775       0.607061       0.293052       0.390309
    3.59       0.404263       0.602829       0.290189       0.386748
     3.6        0.40078       0.598627       0.287353        0.38322
    3.61       0.397327       0.594455       0.284546       0.379724
    3.62       0.393904       0.590311       0.281765        0.37626
    3.63       0.390511       0.586196       0.279012       0.372827
    3.64       0.387147        0.58211       0.276286       0.369426
    3.65       0.383812       0.578052       0.273587       0.366056
    3.66       0.380505       0.574023       0.270913       0.362717
    3.67       0.377227       0.570022       0.268266       0.359408
    3.68       0.373978       0.566049       0.265645       0.356129
    3.69       0.370756       0.562103        0.26305        0.35288
     3.7       0.367562       0.558185       0.260479       0.349661
    3.71       0.364395       0.554294       0.257934       0.346471
    3.72       0.361256        0.55043       0.255414        0.34331
    3.73       0.358144       0.546594       0.252918       0.340178
    3.74       0.355059       0.542783       0.250447       0.337075
    3.75          0.352          0.539          0.248          0.334
    3.76       0.348941       0.535171       0.245371        0.33117
    3.77       0.345909       0.531368        0.24277       0.328364
    3.78       0.342903       0.527593       0.240197       0.325582
    3.79       0.339924       0.523845       0.237651       0.322824
     3.8        0.33697       0.520123       0.235132       0.320088
    3.81       0.334042       0.516428        0.23264       0.317376
    3.82       0.331139       0.512759       0.230174       0.314687
    3.83       0.328262       0.509116       0.227734       0.312021
    3.84        0.32541       0.505499        0.22532       0.309377
    3.85       0.322582       0.501908       0.222932       0.306756
    3.86       0.319779       0.498342       0.220569       0.304157
    3.87          0.317       0.494801       0.218231        0.30158
    3.88       0.314246       0.491286       0.215918       0.299025
    3.89       0.311515       0.487796       0.213629       0.296491
     3.9       0.308808        0.48433       0.211365       0.293979
    3.91       0.306125       0.480889       0.209124       0.291489
    3.92       0.303465       0.477473       0.206908       0.289019
    3.93       0.300828        0.47408       0.204715        0.28657
    3.94       0.298214       0.470712       0.202545       0.284142
    3.95       0.295623       0.467368       0.200398       0.281735
    3.96       0.293054       0.464048       0.198274       0.279348
    3.97       0.290507       0.460751       0.196172       0.276981
    3.98       0.287983       0.457477       0.194093       0.274634
    3.99       0.285481       0.454227       0.192036       0.272307
       4          0.283          0.451           0.19           0.27
    4.01       0.280316       0.447297       0.188111       0.267299
    4.02       0.277657       0.443625       0.186241       0.264626
    4.03       0.275023       0.439982       0.184389       0.261979
    4.04       0.272414        0.43637       0.182555       0.259359
    4.05        0.26983       0.432787        0.18074       0.256764
    4.06        0.26727       0.429234       0.178943       0.254196
    4.07       0.264735        0.42571       0.177164       0.251654
    4.08       0.262224       0.422215       0.175403       0.249137
    4.09       0.259737       0.418748       0.173659       0.246645
     4.1       0.257273        0.41531       0.171932       0.244178
    4.11       0.254832         0.4119       0.170223       0.241735
    4.12       0.252415       0.408518        0.16853       0.239317
    4.13       0.250021       0.405164       0.166854       0.236924
    4.14       0.247649       0.401838       0.165195       0.234554
    4.15         0.2453       0.398538       0.163553       0.232208
    4.16       0.242973       0.395266       0.161927       0.229885
    4.17       0.240668       0.392021       0.160317       0.227586
    4.18       0.238385       0.388802       0.158723        0.22531
    4.19       0.236124        0.38561       0.157145       0.223056
     4.2       0.233884       0.382444       0.155582       0.220825
    4.21       0.231666       0.379304       0.154035       0.218616
    4.22       0.229468        0.37619       0.152504        0.21643
    4.23       0.227292       0.373101       0.150988       0.214265
    4.24       0.225136       0.370038       0.149486       0.212122
    4.25          0.223          0.367          0.148           0.21
    4.26       0.220696       0.363709       0.146092       0.207571
    4.27       0.218415       0.360448       0.144209        0.20517
    4.28       0.216158       0.357215        0.14235       0.202797
    4.29       0.213925       0.354012       0.140515       0.200451
     4.3       0.211714       0.350838       0.138703       0.198132
    4.31       0.209526       0.347692       0.136915       0.195841
    4.32       0.207361       0.344574        0.13515       0.193575
    4.33       0.205218       0.341484       0.133408       0.191336
    4.34       0.203098       0.338422       0.131688       0.189123
    4.35       0.200999       0.335387        0.12999       0.186935
    4.36       0.198922        0.33238       0.128314       0.184773
    4.37       0.196867       0.329399        0.12666       0.182636
    4.38       0.194832       0.326446       0.125027       0.180523
    4.39       0.192819       0.323518       0.123416       0.178435
     4.4       0.190827       0.320617       0.121825       0.176371
    4.41       0.188855       0.317742       0.120254       0.174331
    4.42       0.186903       0.314893       0.118704       0.172315
    4.43       0.184972       0.312069       0.117174       0.170321
    4.44       0.183061       0.309271       0.115663       0.168351
    4.45       0.181169       0.306498       0.114172       0.166404
    4.46       0.179297       0.303749         0.1127       0.164479
    4.47       0.177444       0.301026       0.111247       0.162577
    4.48       0.175611       0.298326       0.109813       0.160696
    4.49       0.173796       0.295651       0.108397       0.158837
     4.5          0.172          0.293          0.107          0.157
    4.51       0.170189       0.290277       0.105709       0.155217
    4.52       0.168396       0.287579       0.104434       0.153454
    4.53       0.166623       0.284906       0.103175       0.151711
    4.54       0.164868       0.282258        0.10193       0.149988
    4.55       0.163131       0.279635       0.100701       0.148285
    4.56       0.161413       0.277036       0.099486         0.1466
    4.57       0.159713       0.274461      0.0982861       0.144935
    4.58       0.158031       0.271911      0.0971005       0.143289
    4.59       0.156367       0.269383      0.0959293       0.141662
     4.6        0.15472        0.26688      0.0947722       0.140053
    4.61       0.153091       0.264399      0.0936291       0.138462
    4.62       0.151478       0.261942      0.0924998        0.13689
    4.63       0.149883       0.259508       0.091384       0.135335
    4.64       0.148304       0.257096      0.0902818       0.133798
    4.65       0.146742       0.254706      0.0891928       0.132278
    4.66       0.145197       0.252339       0.088117       0.130776
    4.67       0.143668       0.249994      0.0870541       0.129291
    4.68       0.142155       0.247671      0.0860041       0.127822
    4.69       0.140658       0.245369      0.0849667       0.126371
     4.7       0.139176       0.243088      0.0839418       0.124935
    4.71        0.13771       0.240829      0.0829293       0.123516
    4.72        0.13626       0.238591       0.081929       0.122114
    4.73       0.134825       0.236373      0.0809408       0.120727
    4.74       0.133405       0.234176      0.0799645       0.119356
    4.75          0.132          0.232          0.079          0.118
    4.76       0.130797       0.229809       0.078008       0.116831
    4.77       0.129605       0.227638      0.0770284       0.115674
    4.78       0.128424       0.225488      0.0760611       0.114528
    4.79       0.127254       0.223358       0.075106       0.113393
     4.8       0.126095       0.221249      0.0741628        0.11227
    4.81       0.124946       0.219159      0.0732315       0.111158
    4.82       0.123807       0.217089      0.0723119       0.110056
    4.83       0.122679       0.215038      0.0714038       0.108966
    4.84       0.121561       0.213007      0.0705072       0.107887
    4.85       0.120454       0.210996      0.0696218       0.106818
    4.86       0.119356       0.209003      0.0687475        0.10576
    4.87       0.118269       0.207029      0.0678842       0.104712
    4.88       0.117191       0.205073      0.0670318       0.103675
    4.89       0.116123       0.203136        0.06619       0.102648
     4.9       0.115065       0.201218      0.0653588       0.101631
    4.91       0.114017       0.199317      0.0645381       0.100624
    4.92       0.112978       0.197434      0.0637277      0.0996272
    4.93       0.111948        0.19557      0.0629274      0.0986403
    4.94       0.110928       0.193722      0.0621372      0.0976631
    4.95       0.109917       0.191893      0.0613569      0.0966956
    4.96       0.108916        0.19008      0.0605864      0.0957377
    4.97       0.107923       0.188285      0.0598256      0.0947893
    4.98        0.10694       0.186507      0.0590743      0.0938502
    4.99       0.105966       0.184745      0.0583325      0.0929205
       5          0.105          0.183         0.0576          0.092
    5.01       0.103972       0.181203       0.056988      0.0909789
    5.02       0.102954       0.179425      0.0563824      0.0899691
    5.03       0.101945       0.177663      0.0557833      0.0889706
    5.04       0.100947       0.175919      0.0551906      0.0879831
    5.05      0.0999586       0.174192      0.0546042      0.0870066
    5.06      0.0989797       0.172482       0.054024      0.0860409
    5.07      0.0980104       0.170789      0.0534499      0.0850859
    5.08      0.0970507       0.169112       0.052882      0.0841416
    5.09      0.0961003       0.167452      0.0523201      0.0832077
     5.1      0.0951592       0.165808      0.0517641      0.0822842
    5.11      0.0942274        0.16418      0.0512141      0.0813709
    5.12      0.0933046       0.162568      0.0506699      0.0804678
    5.13      0.0923909       0.160972      0.0501315      0.0795747
    5.14      0.0914862       0.159392      0.0495988      0.0786915
    5.15      0.0905903       0.157827      0.0490718      0.0778181
    5.16      0.0897032       0.156278      0.0485504      0.0769544
    5.17      0.0888247       0.154744      0.0480345      0.0761003
    5.18      0.0879549       0.153225      0.0475241      0.0752557
    5.19      0.0870936        0.15172      0.0470191      0.0744204
     5.2      0.0862407       0.150231      0.0465195      0.0735944
    5.21      0.0853962       0.148756      0.0460252      0.0727776
    5.22      0.0845599       0.147296      0.0455362      0.0719699
    5.23      0.0837319        0.14585      0.0450523      0.0711711
    5.24      0.0829119       0.144418      0.0445736      0.0703812
    5.25         0.0821          0.143         0.0441         0.0696
    5.26      0.0811673       0.141507      0.0436942      0.0688195
    5.27      0.0802451        0.14003      0.0432921      0.0680477
    5.28      0.0793334       0.138568      0.0428938      0.0672845
    5.29      0.0784321       0.137121      0.0424991        0.06653
     5.3       0.077541        0.13569       0.042108      0.0657838
    5.31      0.0766601       0.134273      0.0417205      0.0650461
    5.32      0.0757891       0.132872      0.0413366      0.0643166
    5.33      0.0749281       0.131484      0.0409562      0.0635953
    5.34      0.0740768       0.130112      0.0405794      0.0628821
    5.35      0.0732352       0.128753       0.040206      0.0621769
    5.36      0.0724032       0.127409       0.039836      0.0614796
    5.37      0.0715806       0.126079      0.0394694      0.0607902
    5.38      0.0707674       0.124763      0.0391062      0.0601084
    5.39      0.0699634        0.12346      0.0387464      0.0594343
     5.4      0.0691685       0.122172      0.0383898      0.0587678
    5.41      0.0683827       0.120896      0.0380366      0.0581087
    5.42      0.0676058       0.119634      0.0376866       0.057457
    5.43      0.0668377       0.118385      0.0373398      0.0568127
    5.44      0.0660783       0.117149      0.0369962      0.0561755
    5.45      0.0653276       0.115926      0.0366558      0.0555456
    5.46      0.0645854       0.114716      0.0363185      0.0549226
    5.47      0.0638516       0.113518      0.0359843      0.0543067
    5.48      0.0631262       0.112333      0.0356531      0.0536977
    5.49       0.062409        0.11116      0.0353251      0.0530954
     5.5         0.0617           0.11          0.035         0.0525
    5.51      0.0610936       0.108794      0.0346179      0.0518365
    5.52      0.0604931       0.107601        0.03424      0.0511813
    5.53      0.0598986       0.106421      0.0338661      0.0505345
    5.54      0.0593099       0.105254      0.0334964      0.0498958
    5.55       0.058727         0.1041      0.0331307      0.0492652
    5.56      0.0581498       0.102959       0.032769      0.0486425
    5.57      0.0575783        0.10183      0.0324113      0.0480278
    5.58      0.0570124       0.100713      0.0320574      0.0474208
    5.59       0.056452       0.099609      0.0317074      0.0468214
     5.6      0.0558972      0.0985168      0.0313613      0.0462297
    5.61      0.0553478      0.0974366      0.0310189      0.0456454
    5.62      0.0548038      0.0963682      0.0306802      0.0450685
    5.63      0.0542652      0.0953115      0.0303453      0.0444989
    5.64      0.0537319      0.0942665       0.030014      0.0439365
    5.65      0.0532038      0.0932328      0.0296863      0.0433812
    5.66      0.0526808      0.0922106      0.0293622      0.0428329
    5.67      0.0521631      0.0911995      0.0290416      0.0422916
    5.68      0.0516504      0.0901995      0.0287246      0.0417571
    5.69      0.0511428      0.0892105       0.028411      0.0412293
     5.7      0.0506401      0.0882323      0.0281008      0.0407083
    5.71      0.0501424      0.0872649       0.027794      0.0401938
    5.72      0.0496496       0.086308      0.0274906      0.0396858
    5.73      0.0491616      0.0853617      0.0271905      0.0391842
    5.74      0.0486784      0.0844257      0.0268936       0.038689
    5.75         0.0482         0.0835         0.0266         0.0382
    5.76      0.0476928      0.0825169      0.0261701      0.0377066
    5.77       0.047191      0.0815453      0.0257471      0.0372195
    5.78      0.0466945      0.0805852       0.025331      0.0367388
    5.79      0.0462032      0.0796363      0.0249216      0.0362642
     5.8       0.045717      0.0786987      0.0245188      0.0357958
    5.81       0.045236      0.0777721      0.0241226      0.0353335
    5.82        0.04476      0.0768564      0.0237327      0.0348771
    5.83      0.0442891      0.0759515      0.0233491      0.0344266
    5.84      0.0438231      0.0750572      0.0229718      0.0339819
    5.85       0.043362      0.0741735      0.0226005       0.033543
    5.86      0.0429057      0.0733001      0.0222352      0.0331097
    5.87      0.0424543      0.0724371      0.0218759      0.0326821
    5.88      0.0420076      0.0715842      0.0215223      0.0322599
    5.89      0.0415656      0.0707414      0.0211745      0.0318432
     5.9      0.0411282      0.0699084      0.0208323      0.0314319
    5.91      0.0406955      0.0690853      0.0204956      0.0310259
    5.92      0.0402673      0.0682719      0.0201643      0.0306252
    5.93      0.0398436      0.0674681      0.0198384      0.0302296
    5.94      0.0394244      0.0666737      0.0195178      0.0298391
    5.95      0.0390095      0.0658886      0.0192024      0.0294537
    5.96      0.0385991      0.0651129       0.018892      0.0290733
    5.97      0.0381929      0.0643462      0.0185867      0.0286977
    5.98      0.0377911      0.0635886      0.0182863      0.0283271
    5.99      0.0373935      0.0628399      0.0179908      0.0279612
       6          0.037         0.0621         0.0177         0.0276
    6.01      0.0365366      0.0614118       0.017461      0.0271851
    6.02       0.036079      0.0607312      0.0172252      0.0267765
    6.03      0.0356272      0.0600582      0.0169926       0.026374
    6.04       0.035181      0.0593926      0.0167632      0.0259775
    6.05      0.0347403      0.0587344      0.0165368       0.025587
    6.06      0.0343053      0.0580835      0.0163136      0.0252024
    6.07      0.0338756      0.0574399      0.0160933      0.0248235
    6.08      0.0334513      0.0568033       0.015876      0.0244504
    6.09      0.0330324      0.0561738      0.0156616      0.0240829
     6.1      0.0326187      0.0555513      0.0154501      0.0237208
    6.11      0.0322102      0.0549357      0.0152415      0.0233643
    6.12      0.0318068      0.0543269      0.0150357      0.0230131
    6.13      0.0314084      0.0537248      0.0148327      0.0226671
    6.14       0.031015      0.0531294      0.0146324      0.0223264
    6.15      0.0306266      0.0525406      0.0144348      0.0219908
    6.16       0.030243      0.0519584      0.0142399      0.0216602
    6.17      0.0298643      0.0513826      0.0140476      0.0213346
    6.18      0.0294902      0.0508131       0.013858      0.0210139
    6.19      0.0291209        0.05025      0.0136708       0.020698
     6.2      0.0287562      0.0496932      0.0134862      0.0203869
    6.21       0.028396      0.0491425      0.0133041      0.0200804
    6.22      0.0280404      0.0485979      0.0131245      0.0197786
    6.23      0.0276892      0.0480593      0.0129473      0.0194813
    6.24      0.0273424      0.0475267      0.0127725      0.0191884
    6.25          0.027          0.047         0.0126         0.0189
    6.26      0.0266937       0.046491      0.0124532      0.0186691
    6.27      0.0263909      0.0459876      0.0123081      0.0184411
    6.28      0.0260915      0.0454896      0.0121647      0.0182158
    6.29      0.0257956       0.044997       0.012023      0.0179933
     6.3      0.0255029      0.0445097      0.0118829      0.0177735
    6.31      0.0252136      0.0440277      0.0117444      0.0175564
    6.32      0.0249276       0.043551      0.0116076      0.0173419
    6.33      0.0246448      0.0430793      0.0114724      0.0171301
    6.34      0.0243653      0.0426128      0.0113387      0.0169208
    6.35      0.0240889      0.0421514      0.0112066      0.0167141
    6.36      0.0238156      0.0416949       0.011076      0.0165099
    6.37      0.0235455      0.0412434       0.010947      0.0163082
    6.38      0.0232784      0.0407968      0.0108194       0.016109
    6.39      0.0230143       0.040355      0.0106934      0.0159122
     6.4      0.0227532       0.039918      0.0105688      0.0157179
    6.41      0.0224951      0.0394857      0.0104456      0.0155259
    6.42      0.0222399      0.0390582      0.0103239      0.0153362
    6.43      0.0219877      0.0386352      0.0102037      0.0151489
    6.44      0.0217382      0.0382168      0.0100848      0.0149638
    6.45      0.0214916       0.037803     0.00996727       0.014781
    6.46      0.0212478      0.0373936     0.00985114      0.0146005
    6.47      0.0210068      0.0369887     0.00973637      0.0144221
    6.48      0.0207685      0.0365881     0.00962293      0.0142459
    6.49      0.0205329      0.0361919     0.00951081      0.0140719
     6.5         0.0203         0.0358         0.0094         0.0139
    6.51      0.0200558      0.0354035     0.00928661      0.0137236
    6.52      0.0198145      0.0350114     0.00917458      0.0135494
    6.53      0.0195762      0.0346237     0.00906391      0.0133774
    6.54      0.0193407      0.0342402     0.00895457      0.0132076
    6.55       0.019108       0.033861     0.00884655        0.01304
    6.56      0.0188781       0.033486     0.00873984      0.0128744
    6.57       0.018651      0.0331152     0.00863441       0.012711
    6.58      0.0184267      0.0327484     0.00853025      0.0125497
    6.59       0.018205      0.0323858     0.00842735      0.0123904
     6.6       0.017986      0.0320271      0.0083257      0.0122331
    6.61      0.0177696      0.0316724     0.00822526      0.0120779
    6.62      0.0175558      0.0313216     0.00812604      0.0119245
    6.63      0.0173447      0.0309748     0.00802802      0.0117732
    6.64       0.017136      0.0306317     0.00793118      0.0116238
    6.65      0.0169299      0.0302925      0.0078355      0.0114762
    6.66      0.0167262       0.029957     0.00774098      0.0113306
    6.67       0.016525      0.0296252      0.0076476      0.0111867
    6.68      0.0163262      0.0292971     0.00755535      0.0110447
    6.69      0.0161298      0.0289727     0.00746421      0.0109046
     6.7      0.0159357      0.0286518     0.00737417      0.0107661
    6.71       0.015744      0.0283345     0.00728522      0.0106295
    6.72      0.0155546      0.0280207     0.00719733      0.0104946
    6.73      0.0153675      0.0277104     0.00711051      0.0103614
    6.74      0.0151826      0.0274035     0.00702474      0.0102298
    6.75          0.015         0.0271        0.00694         0.0101
    6.76      0.0147875      0.0267456     0.00683148     0.00994318
    6.77       0.014578      0.0263958     0.00672466      0.0097888
    6.78      0.0143715      0.0260506     0.00661951     0.00963681
    6.79      0.0141679      0.0257099       0.006516     0.00948718
     6.8      0.0139672      0.0253736     0.00641412     0.00933988
    6.81      0.0137694      0.0250418     0.00631382     0.00919486
    6.82      0.0135743      0.0247143     0.00621509      0.0090521
    6.83       0.013382       0.024391     0.00611791     0.00891155
    6.84      0.0131925       0.024072     0.00602225     0.00877318
    6.85      0.0130056      0.0237572     0.00592808     0.00863696
    6.86      0.0128214      0.0234465     0.00583538     0.00850286
    6.87      0.0126397      0.0231399     0.00574414     0.00837084
    6.88      0.0124607      0.0228372     0.00565432     0.00824087
    6.89      0.0122842      0.0225385     0.00556591     0.00811292
     6.9      0.0121102      0.0222438     0.00547887     0.00798695
    6.91      0.0119386      0.0219529      0.0053932     0.00786294
    6.92      0.0117695      0.0216657     0.00530887     0.00774085
    6.93      0.0116028      0.0213824     0.00522586     0.00762067
    6.94      0.0114384      0.0211027     0.00514414     0.00750234
    6.95      0.0112764      0.0208268     0.00506371     0.00738586
    6.96      0.0111166      0.0205544     0.00498453     0.00727118
    6.97      0.0109592      0.0202855     0.00490659     0.00715828
    6.98      0.0108039      0.0200202     0.00482986     0.00704714
    6.99      0.0106509      0.0197584     0.00475434     0.00693772
       7         0.0105         0.0195        0.00468        0.00683
    7.01      0.0103118      0.0192038     0.00460053     0.00669264
    7.02      0.0101269      0.0189121     0.00452241     0.00655805
    7.03     0.00994534      0.0186248     0.00444562     0.00642616
    7.04     0.00976705      0.0183419     0.00437013     0.00629692
    7.05     0.00959195      0.0180633     0.00429592     0.00617028
    7.06     0.00941999       0.017789     0.00422298     0.00604619
    7.07     0.00925111      0.0175188     0.00415127     0.00592459
    7.08     0.00908526      0.0172527     0.00408078     0.00580544
    7.09     0.00892238      0.0169906     0.00401149     0.00568869
     7.1     0.00876242      0.0167325     0.00394337     0.00557428
    7.11     0.00860533      0.0164784     0.00387641     0.00546218
    7.12     0.00845106      0.0162281     0.00381059     0.00535233
    7.13     0.00829955      0.0159816     0.00374588     0.00524469
    7.14     0.00815076      0.0157388     0.00368227     0.00513921
    7.15     0.00800464      0.0154998     0.00361975     0.00503586
    7.16     0.00786113      0.0152643     0.00355828     0.00493458
    7.17      0.0077202      0.0150325     0.00349786     0.00483534
    7.18      0.0075818      0.0148041     0.00343847      0.0047381
    7.19     0.00744587      0.0145793     0.00338008     0.00464281
     7.2     0.00731238      0.0143578     0.00332268     0.00454944
    7.21     0.00718129      0.0141397     0.00326626     0.00445794
    7.22     0.00705255      0.0139249      0.0032108     0.00436829
    7.23     0.00692611      0.0137134     0.00315628     0.00428044
    7.24     0.00680194      0.0135051     0.00310268     0.00419435
    7.25        0.00668         0.0133        0.00305        0.00411
    7.26     0.00656272      0.0130731     0.00298634     0.00403164
    7.27     0.00644749        0.01285       0.002924     0.00395477
    7.28     0.00633429      0.0126308     0.00286297     0.00387937
    7.29     0.00622308      0.0124153     0.00280321      0.0038054
     7.3     0.00611382      0.0122035      0.0027447     0.00373285
    7.31     0.00600648      0.0119953     0.00268741     0.00366168
    7.32     0.00590102      0.0117906     0.00263131     0.00359186
    7.33     0.00579741      0.0115895     0.00257639     0.00352338
    7.34     0.00569563      0.0113918     0.00252261      0.0034562
    7.35     0.00559563      0.0111974     0.00246995      0.0033903
    7.36     0.00549738      0.0110064      0.0024184     0.00332566
    7.37     0.00540086      0.0108186     0.00236792     0.00326226
    7.38     0.00530604       0.010634     0.00231849     0.00320006
    7.39     0.00521288      0.0104526      0.0022701     0.00313904
     7.4     0.00512136      0.0102743     0.00222271     0.00307919
    7.41     0.00503144       0.010099     0.00217632     0.00302048
    7.42      0.0049431     0.00992667     0.00213089      0.0029629
    7.43     0.00485631     0.00975731     0.00208641      0.0029064
    7.44     0.00477105     0.00959084     0.00204286     0.00285099
    7.45     0.00468728     0.00942721     0.00200022     0.00279663
    7.46     0.00460499     0.00926637     0.00195847     0.00274331
    7.47     0.00452414     0.00910828     0.00191759     0.00269101
    7.48      0.0044447     0.00895288     0.00187756      0.0026397
    7.49     0.00436667     0.00880014     0.00183837     0.00258937
     7.5        0.00429        0.00865         0.0018        0.00254
    7.51     0.00421065     0.00852492     0.00174921     0.00249285
    7.52     0.00413277     0.00840165     0.00169984     0.00244658
    7.53     0.00405632     0.00828017     0.00165188     0.00240116
    7.54      0.0039813     0.00816044     0.00160526     0.00235659
    7.55     0.00390766     0.00804244     0.00155996     0.00231284
    7.56     0.00383538     0.00792615     0.00151594     0.00226991
    7.57     0.00376444     0.00781154     0.00147316     0.00222778
    7.58     0.00369481     0.00769858     0.00143159     0.00218642
    7.59     0.00362646     0.00758726      0.0013912     0.00214584
     7.6     0.00355939     0.00747755     0.00135194       0.002106
    7.61     0.00349355     0.00736943     0.00131379     0.00206691
    7.62     0.00342893     0.00726287     0.00127671     0.00202854
    7.63     0.00336551     0.00715785     0.00124069     0.00199089
    7.64     0.00330326     0.00705435     0.00120567     0.00195393
    7.65     0.00324216     0.00695234     0.00117165     0.00191766
    7.66     0.00318219     0.00685181     0.00113859     0.00188206
    7.67     0.00312333     0.00675274     0.00110646     0.00184713
    7.68     0.00306556     0.00665509     0.00107524     0.00181284
    7.69     0.00300886     0.00655886     0.00104489     0.00177919
     7.7      0.0029532     0.00646402     0.00101541     0.00174616
    7.71     0.00289858     0.00637055    0.000986754     0.00171375
    7.72     0.00284496     0.00627844    0.000958909     0.00168194
    7.73     0.00279234     0.00618765     0.00093185     0.00165071
    7.74     0.00274069     0.00609818    0.000905554     0.00162007
    7.75        0.00269        0.00601        0.00088        0.00159
    7.76      0.0026176     0.00590327    0.000860324     0.00155352
    7.77     0.00254715     0.00579844    0.000841088     0.00151788
    7.78      0.0024786     0.00569547    0.000822283     0.00148305
    7.79     0.00241189     0.00559432    0.000803897     0.00144903
     7.8     0.00234698     0.00549498    0.000785923     0.00141578
    7.81     0.00228382     0.00539739    0.000768351      0.0013833
    7.82     0.00222235     0.00530154    0.000751172     0.00135156
    7.83     0.00216254      0.0052074    0.000734376     0.00132055
    7.84     0.00210434     0.00511492    0.000717956     0.00129025
    7.85      0.0020477     0.00502409    0.000701904     0.00126065
    7.86     0.00199259     0.00493487     0.00068621     0.00123173
    7.87     0.00193896     0.00484723    0.000670867     0.00120347
    7.88     0.00188678     0.00476115    0.000655867     0.00117585
    7.89       0.001836      0.0046766    0.000641203     0.00114888
     7.9     0.00178659     0.00459355    0.000626867     0.00112252
    7.91      0.0017385     0.00451198    0.000612851     0.00109676
    7.92     0.00169171     0.00443185    0.000599148      0.0010716
    7.93     0.00164619     0.00435315    0.000585752     0.00104701
    7.94     0.00160188     0.00427584    0.000572655     0.00102299
    7.95     0.00155877     0.00419991    0.000559851     0.00099952
    7.96     0.00151682     0.00412532    0.000547334    0.000976587
    7.97     0.00147599     0.00405207    0.000535096    0.000954181
    7.98     0.00143627     0.00398011    0.000523132    0.000932289
    7.99     0.00139761     0.00390943    0.000511435    0.000910899
       8        0.00136        0.00384         0.0005        0.00089
    8.01     0.00129669     0.00377181    0.000492917    0.000864956
    8.02     0.00123632     0.00370483    0.000485935    0.000840616
    8.03     0.00117877     0.00363903    0.000479051    0.000816961
    8.04     0.00112389     0.00357441    0.000472265    0.000793972
    8.05     0.00107157     0.00351093    0.000465575     0.00077163
    8.06     0.00102169     0.00344858     0.00045898    0.000749917
    8.07    0.000974124     0.00338734    0.000452478    0.000728815
    8.08    0.000928775     0.00332719    0.000446068    0.000708306
    8.09    0.000885537      0.0032681    0.000439749    0.000688374
     8.1    0.000844313     0.00321007     0.00043352    0.000669004
    8.11    0.000805007     0.00315306    0.000427379    0.000650178
    8.12    0.000767532     0.00309707    0.000421325    0.000631882
    8.13    0.000731801     0.00304207    0.000415356    0.000614102
    8.14    0.000697733     0.00298804    0.000409473    0.000596821
    8.15    0.000665251     0.00293498    0.000403672    0.000580027
    8.16    0.000634281     0.00288286    0.000397954    0.000563705
    8.17    0.000604754     0.00283166    0.000392317    0.000547842
    8.18      0.0005766     0.00278138    0.000386759    0.000532426
    8.19    0.000549758     0.00273199     0.00038128    0.000517444
     8.2    0.000524165     0.00268347    0.000375879    0.000502883
    8.21    0.000499763     0.00263581    0.000370555    0.000488732
    8.22    0.000476498     0.00258901    0.000365306     0.00047498
    8.23    0.000454315     0.00254303    0.000360131    0.000461614
    8.24    0.000433165     0.00249787    0.000355029    0.000448624
    8.25       0.000413     0.00245351        0.00035       0.000436
    8.26    0.000403926     0.00240994     0.00034356    0.000425353
    8.27    0.000395052     0.00236714    0.000337238    0.000414966
    8.28    0.000386372     0.00232511    0.000331032    0.000404833
    8.29    0.000377883     0.00228382    0.000324941    0.000394948
     8.3    0.000369581     0.00224326    0.000318962    0.000385303
    8.31    0.000361461     0.00220342    0.000313093    0.000375895
    8.32     0.00035352     0.00216429    0.000307332    0.000366716
    8.33    0.000345753     0.00212586    0.000301677    0.000357761
    8.34    0.000338156     0.00208811    0.000296125    0.000349024
    8.35    0.000330727     0.00205102    0.000290676    0.000340502
    8.36    0.000323461      0.0020146    0.000285328    0.000332187
    8.37    0.000316354     0.00197882    0.000280078    0.000324075
    8.38    0.000309403     0.00194368    0.000274924    0.000316161
    8.39    0.000302606     0.00190917    0.000269865    0.000308441
     8.4    0.000295957     0.00187526    0.000264899    0.000300909
    8.41    0.000289455     0.00184196    0.000260025    0.000293561
    8.42    0.000283095     0.00180925     0.00025524    0.000286393
    8.43    0.000276876     0.00177712    0.000250544    0.000279399
    8.44    0.000270793     0.00174556    0.000245933    0.000272576
    8.45    0.000264843     0.00171456    0.000241408     0.00026592
    8.46    0.000259024     0.00168411    0.000236966    0.000259427
    8.47    0.000253333     0.00165421    0.000232606    0.000253092
    8.48    0.000247768     0.00162483    0.000228325    0.000246912
    8.49    0.000242324     0.00159598    0.000224124    0.000240882
     8.5       0.000237     0.00156763        0.00022       0.000235
    8.51    0.000231303      0.0015398    0.000215952    0.000228766
    8.52    0.000225744     0.00151245    0.000211978    0.000222698
    8.53    0.000220318     0.00148559    0.000208078    0.000216791
    8.54    0.000215022     0.00145921    0.000204249    0.000211041
    8.55    0.000209854      0.0014333     0.00020049    0.000205443
    8.56     0.00020481     0.00140784    0.000196801    0.000199993
    8.57    0.000199887     0.00138284     0.00019318    0.000194688
    8.58    0.000195082     0.00135828    0.000189625    0.000189524
    8.59    0.000190393     0.00133416    0.000186136    0.000184497
     8.6    0.000185817     0.00131047    0.000182711    0.000179603
    8.61     0.00018135      0.0012872    0.000179349    0.000174839
    8.62    0.000176991     0.00126434    0.000176049    0.000170201
    8.63    0.000172737     0.00124189    0.000172809    0.000165686
    8.64    0.000168585     0.00121983    0.000169629    0.000161291
    8.65    0.000164533     0.00119817    0.000166508    0.000157013
    8.66    0.000160578     0.00117689    0.000163444    0.000152848
    8.67    0.000156719     0.00115599    0.000160437    0.000148794
    8.68    0.000152952     0.00113546    0.000157485    0.000144847
    8.69    0.000149275      0.0011153    0.000154587    0.000141005
     8.7    0.000145687     0.00109549    0.000151742    0.000137265
    8.71    0.000142185     0.00107604     0.00014895    0.000133624
    8.72    0.000138768     0.00105693    0.000146209    0.000130079
    8.73    0.000135432     0.00103816    0.000143519    0.000126629
    8.74    0.000132177     0.00101973    0.000140878     0.00012327
    8.75       0.000129     0.00100162    0.000138286        0.00012
    8.76    0.000124765    0.000983829    0.000135741    0.000115584
    8.77     0.00012067    0.000966358    0.000133243    0.000111331
    8.78    0.000116708    0.000949197    0.000130792    0.000107234
    8.79    0.000112877    0.000932341    0.000128385    0.000103288
     8.8    0.000109172    0.000915784    0.000126023    9.94866e-05
    8.81    0.000105588    0.000899521    0.000123704    9.58255e-05
    8.82    0.000102122    0.000883546    0.000121427    9.22992e-05
    8.83    9.87691e-05    0.000867856    0.000119193    8.89026e-05
    8.84    9.55268e-05    0.000852444       0.000117     8.5631e-05
    8.85    9.23909e-05    0.000837306    0.000114847    8.24799e-05
    8.86    8.93579e-05    0.000822437    0.000112734    7.94446e-05
    8.87    8.64245e-05    0.000807831    0.000110659    7.65211e-05
    8.88    8.35874e-05    0.000793485    0.000108623    7.37052e-05
    8.89    8.08434e-05    0.000779394    0.000106624    7.09928e-05
     8.9    7.81895e-05    0.000765553    0.000104662    6.83803e-05
    8.91    7.56228e-05    0.000751958    0.000102736     6.5864e-05
    8.92    7.31403e-05    0.000738605    0.000100846    6.34402e-05
    8.93    7.07393e-05    0.000725488    9.89903e-05    6.11056e-05
    8.94    6.84171e-05    0.000712605    9.71688e-05     5.8857e-05
    8.95    6.61711e-05     0.00069995    9.53808e-05    5.66911e-05
    8.96    6.39989e-05     0.00068752    9.36257e-05    5.46048e-05
    8.97    6.18979e-05     0.00067531    9.19029e-05    5.25954e-05
    8.98     5.9866e-05    0.000663318    9.02118e-05    5.06599e-05
    8.99    5.79007e-05    0.000651538    8.85519e-05    4.87957e-05
       9        5.6e-05    0.000639968    8.69224e-05        4.7e-05
    9.01    5.39458e-05    0.000628603     8.5323e-05    4.52704e-05
    9.02    5.19669e-05     0.00061744     8.3753e-05    4.36045e-05
    9.03    5.00606e-05    0.000606475    8.22119e-05    4.19999e-05
    9.04    4.82243e-05    0.000595705    8.06991e-05    4.04543e-05
    9.05    4.64553e-05    0.000585126    7.92142e-05    3.89656e-05
    9.06    4.47512e-05    0.000574735    7.77566e-05    3.75317e-05
    9.07    4.31096e-05    0.000564529    7.63258e-05    3.61505e-05
    9.08    4.15282e-05    0.000554504    7.49213e-05    3.48202e-05
    9.09    4.00048e-05    0.000544656    7.35427e-05    3.35388e-05
     9.1    3.85374e-05    0.000534984    7.21895e-05    3.23046e-05
    9.11    3.71237e-05    0.000525484    7.08611e-05    3.11158e-05
    9.12    3.57619e-05    0.000516152    6.95572e-05    2.99708e-05
    9.13    3.44501e-05    0.000506986    6.82773e-05    2.88679e-05
    9.14    3.31863e-05    0.000497982    6.70209e-05    2.78055e-05
    9.15     3.1969e-05    0.000489139    6.57877e-05    2.67823e-05
    9.16    3.07963e-05    0.000480453    6.45772e-05    2.57967e-05
    9.17    2.96666e-05     0.00047192    6.33889e-05    2.48474e-05
    9.18    2.85783e-05     0.00046354    6.22225e-05     2.3933e-05
    9.19      2.753e-05    0.000455308    6.10775e-05    2.30523e-05
     9.2    2.65201e-05    0.000447222    5.99537e-05     2.2204e-05
    9.21    2.55473e-05     0.00043928    5.88505e-05    2.13869e-05
    9.22    2.46102e-05     0.00043148    5.77676e-05    2.05999e-05
    9.23    2.37074e-05    0.000423817    5.67046e-05    1.98418e-05
    9.24    2.28377e-05    0.000416291    5.56612e-05    1.91116e-05
    9.25        2.2e-05    0.000408898     5.4637e-05    1.84083e-05
    9.26    2.16058e-05    0.000401637    5.36316e-05    1.77309e-05
    9.27    2.12187e-05    0.000394504    5.26447e-05    1.70784e-05
    9.28    2.08385e-05    0.000387498     5.1676e-05    1.64499e-05
    9.29    2.04652e-05    0.000380617    5.07251e-05    1.58446e-05
     9.3    2.00985e-05    0.000373858    4.97918e-05    1.52615e-05
    9.31    1.97384e-05    0.000367219    4.88756e-05    1.46999e-05
    9.32    1.93847e-05    0.000360697    4.79762e-05     1.4159e-05
    9.33    1.90374e-05    0.000354292    4.70934e-05    1.36379e-05
    9.34    1.86963e-05       0.000348    4.62268e-05     1.3136e-05
    9.35    1.83614e-05     0.00034182    4.53762e-05    1.26526e-05
    9.36    1.80324e-05     0.00033575    4.45413e-05     1.2187e-05
    9.37    1.77093e-05    0.000329788    4.37217e-05    1.17385e-05
    9.38     1.7392e-05    0.000323931    4.29172e-05    1.13066e-05
    9.39    1.70804e-05    0.000318178    4.21275e-05    1.08905e-05
     9.4    1.67744e-05    0.000312528    4.13523e-05    1.04897e-05
    9.41    1.64738e-05    0.000306978    4.05914e-05    1.01037e-05
    9.42    1.61787e-05    0.000301527    3.98444e-05     9.7319e-06
    9.43    1.58888e-05    0.000296172    3.91113e-05    9.37377e-06
    9.44    1.56041e-05    0.000290912    3.83916e-05    9.02882e-06
    9.45    1.53245e-05    0.000285746    3.76852e-05    8.69657e-06
    9.46      1.505e-05    0.000280672    3.69917e-05    8.37654e-06
    9.47    1.47803e-05    0.000275687     3.6311e-05    8.06828e-06
    9.48    1.45155e-05    0.000270792    3.56429e-05    7.77137e-06
    9.49    1.42554e-05    0.000265983     3.4987e-05    7.48539e-06
     9.5        1.4e-05    0.000261259    3.43432e-05    7.20993e-06
    9.51    1.37492e-05     0.00025662    3.37113e-05    6.94461e-06
    9.52    1.35028e-05    0.000252063     3.3091e-05    6.68905e-06
    9.53    1.32609e-05    0.000247586    3.24821e-05     6.4429e-06
    9.54    1.30233e-05    0.000243189    3.18844e-05     6.2058e-06
    9.55      1.279e-05    0.000238871    3.12977e-05    5.97743e-06
    9.56    1.25608e-05    0.000234629    3.07218e-05    5.75746e-06
    9.57    1.23357e-05    0.000230462    3.01565e-05    5.54559e-06
    9.58    1.21147e-05    0.000226369    2.96016e-05    5.34151e-06
    9.59    1.18977e-05     0.00022235    2.90569e-05    5.14495e-06
     9.6    1.16845e-05    0.000218401    2.85222e-05    4.95562e-06
    9.61    1.14752e-05    0.000214522    2.79974e-05    4.77325e-06
    9.62    1.12696e-05    0.000210713    2.74822e-05     4.5976e-06
    9.63    1.10676e-05    0.000206971    2.69765e-05    4.42841e-06
    9.64    1.08693e-05    0.000203295    2.64801e-05    4.26545e-06
    9.65    1.06746e-05    0.000199685    2.59929e-05    4.10848e-06
    9.66    1.04833e-05    0.000196139    2.55146e-05    3.95729e-06
    9.67    1.02955e-05    0.000192656    2.50451e-05    3.81166e-06
    9.68     1.0111e-05    0.000189235    2.45842e-05    3.67139e-06
    9.69    9.92988e-06    0.000185874    2.41319e-05    3.53629e-06
     9.7    9.75197e-06    0.000182573    2.36878e-05    3.40615e-06
    9.71    9.57724e-06    0.000179331    2.32519e-05    3.28081e-06
    9.72    9.40565e-06    0.000176146    2.28241e-05    3.16008e-06
    9.73    9.23713e-06    0.000173018    2.24041e-05    3.04379e-06
    9.74    9.07163e-06    0.000169946    2.19918e-05    2.93178e-06
    9.75    8.90909e-06    0.000166928    2.15872e-05    2.82389e-06
    9.76    8.74947e-06    0.000163963      2.119e-05    2.71997e-06
    9.77     8.5927e-06    0.000161052       2.08e-05    2.61988e-06
    9.78    8.43875e-06    0.000158192    2.04173e-05    2.52347e-06
    9.79    8.28755e-06    0.000155382    2.00416e-05     2.4306e-06
     9.8    8.13906e-06    0.000152623    1.96728e-05    2.34116e-06
    9.81    7.99324e-06    0.000149913    1.93108e-05    2.25501e-06
    9.82    7.85002e-06     0.00014725    1.89555e-05    2.17202e-06
    9.83    7.70937e-06    0.000144635    1.86067e-05    2.09209e-06
    9.84    7.57125e-06    0.000142067    1.82643e-05     2.0151e-06
    9.85    7.43559e-06    0.000139544    1.79282e-05    1.94095e-06
    9.86    7.30237e-06    0.000137066    1.75983e-05    1.86952e-06
    9.87    7.17153e-06    0.000134632    1.72745e-05    1.80073e-06
    9.88    7.04304e-06    0.000132241    1.69567e-05    1.73446e-06
    9.89    6.91685e-06    0.000129893    1.66446e-05    1.67063e-06
     9.9    6.79292e-06    0.000127586    1.63384e-05    1.60915e-06
    9.91    6.67121e-06     0.00012532    1.60377e-05    1.54994e-06
    9.92    6.55169e-06    0.000123095    1.57426e-05     1.4929e-06
    9.93     6.4343e-06    0.000120909    1.54529e-05    1.43796e-06
    9.94    6.31902e-06    0.000118761    1.51686e-05    1.38505e-06
    9.95     6.2058e-06    0.000116652    1.48895e-05    1.33408e-06
    9.96    6.09461e-06    0.000114581    1.46155e-05    1.28498e-06
    9.97    5.98541e-06    0.000112546    1.43466e-05     1.2377e-06
    9.98    5.87817e-06    0.000110547    1.40826e-05    1.19215e-06
    9.99    5.77285e-06    0.000108584    1.38234e-05    1.14828e-06
      10    5.66942e-06    0.000106656    1.35691e-05    1.10602e-06
   10.01    5.56784e-06    0.000104762    1.33194e-05    1.06532e-06
   10.02    5.46808e-06    0.000102902    1.30743e-05    1.02612e-06
   10.03    5.37011e-06    0.000101074    1.28337e-05    9.88358e-07
   10.04     5.2739e-06    9.92792e-05    1.25976e-05    9.51987e-07
   10.05     5.1794e-06    9.75162e-05    1.23658e-05    9.16954e-07
   10.06    5.08661e-06    9.57844e-05    1.21382e-05    8.83211e-07
   10.07    4.99547e-06    9.40834e-05    1.19149e-05    8.50709e-07
   10.08    4.90597e-06    9.24126e-05    1.16956e-05    8.19403e-07
   10.09    4.81807e-06    9.07715e-05    1.14804e-05    7.89249e-07
    10.1    4.73174e-06    8.91596e-05    1.12692e-05    7.60205e-07
   10.11    4.64696e-06    8.75762e-05    1.10618e-05     7.3223e-07
   10.12     4.5637e-06     8.6021e-05    1.08583e-05    7.05284e-07
   10.13    4.48193e-06    8.44934e-05    1.06585e-05     6.7933e-07
   10.14    4.40163e-06    8.29929e-05    1.04623e-05    6.54331e-07
   10.15    4.32277e-06    8.15191e-05    1.02698e-05    6.30252e-07
   10.16    4.24532e-06    8.00714e-05    1.00809e-05    6.07059e-07
   10.17    4.16925e-06    7.86495e-05    9.89536e-06     5.8472e-07
   10.18    4.09455e-06    7.72528e-05    9.71328e-06    5.63202e-07
   10.19    4.02119e-06    7.58809e-05    9.53455e-06    5.42477e-07
    10.2    3.94914e-06    7.45334e-05     9.3591e-06    5.22514e-07
   10.21    3.87839e-06    7.32097e-05    9.18689e-06    5.03285e-07
   10.22     3.8089e-06    7.19097e-05    9.01784e-06    4.84765e-07
   10.23    3.74066e-06    7.06326e-05    8.85191e-06    4.66925e-07
   10.24    3.67363e-06    6.93783e-05    8.68902e-06    4.49743e-07
   10.25    3.60781e-06    6.81463e-05    8.52914e-06    4.33192e-07
   10.26    3.54317e-06    6.69361e-05    8.37219e-06    4.17251e-07
   10.27    3.47969e-06    6.57474e-05    8.21814e-06    4.01897e-07
   10.28    3.41734e-06    6.45798e-05    8.06692e-06    3.87107e-07
   10.29    3.35612e-06     6.3433e-05    7.91848e-06    3.72862e-07
    10.3    3.29598e-06    6.23065e-05    7.77277e-06     3.5914e-07
   10.31    3.23693e-06       6.12e-05    7.62975e-06    3.45924e-07
   10.32    3.17893e-06    6.01132e-05    7.48936e-06    3.33194e-07
   10.33    3.12198e-06    5.90457e-05    7.35154e-06    3.20933e-07
   10.34    3.06604e-06    5.79971e-05    7.21627e-06    3.09123e-07
   10.35    3.01111e-06    5.69672e-05    7.08349e-06    2.97747e-07
   10.36    2.95716e-06    5.59555e-05    6.95314e-06     2.8679e-07
   10.37    2.90417e-06    5.49618e-05     6.8252e-06    2.76236e-07
   10.38    2.85214e-06    5.39858e-05    6.69961e-06    2.66071e-07
   10.39    2.80104e-06    5.30271e-05    6.57633e-06     2.5628e-07
    10.4    2.75085e-06    5.20854e-05    6.45532e-06    2.46849e-07
   10.41    2.70157e-06    5.11604e-05    6.33654e-06    2.37765e-07
   10.42    2.65316e-06    5.02519e-05    6.21994e-06    2.29015e-07
   10.43    2.60563e-06    4.93595e-05    6.10549e-06    2.20587e-07
   10.44    2.55894e-06     4.8483e-05    5.99314e-06     2.1247e-07
   10.45    2.51309e-06     4.7622e-05    5.88286e-06    2.04651e-07
   10.46    2.46807e-06    4.67763e-05    5.77461e-06     1.9712e-07
   10.47    2.42384e-06    4.59456e-05    5.66836e-06    1.89866e-07
   10.48    2.38042e-06    4.51297e-05    5.56405e-06    1.82879e-07
   10.49    2.33777e-06    4.43282e-05    5.46167e-06    1.76149e-07
    10.5    2.29588e-06     4.3541e-05    5.36117e-06    1.69667e-07
   10.51    2.25475e-06    4.27678e-05    5.26252e-06    1.63423e-07
   10.52    2.21435e-06    4.20083e-05    5.16569e-06    1.57409e-07
   10.53    2.17467e-06    4.12623e-05    5.07063e-06    1.51617e-07
   10.54    2.13571e-06    4.05296e-05    4.97733e-06    1.46037e-07
   10.55    2.09744e-06    3.98098e-05    4.88574e-06    1.40663e-07
   10.56    2.05986e-06    3.91028e-05    4.79584e-06    1.35487e-07
   10.57    2.02296e-06    3.84084e-05    4.70759e-06    1.30501e-07
   10.58    1.98671e-06    3.77264e-05    4.62097e-06    1.25699e-07
   10.59    1.95112e-06    3.70564e-05    4.53594e-06    1.21073e-07
    10.6    1.91616e-06    3.63983e-05    4.45248e-06    1.16618e-07
   10.61    1.88183e-06    3.57519e-05    4.37055e-06    1.12326e-07
   10.62    1.84811e-06     3.5117e-05    4.29013e-06    1.08193e-07
   10.63      1.815e-06    3.44934e-05    4.21118e-06    1.04211e-07
   10.64    1.78248e-06    3.38809e-05    4.13369e-06    1.00376e-07
   10.65    1.75054e-06    3.32792e-05    4.05763e-06    9.66824e-08
   10.66    1.71918e-06    3.26882e-05    3.98297e-06    9.31245e-08
   10.67    1.68838e-06    3.21077e-05    3.90968e-06    8.96976e-08
   10.68    1.65813e-06    3.15375e-05    3.83774e-06    8.63968e-08
   10.69    1.62842e-06    3.09775e-05    3.76712e-06    8.32174e-08
    10.7    1.59924e-06    3.04274e-05     3.6978e-06     8.0155e-08
   10.71    1.57059e-06     2.9887e-05    3.62976e-06    7.72054e-08
   10.72    1.54245e-06    2.93563e-05    3.56297e-06    7.43642e-08
   10.73    1.51481e-06    2.88349e-05    3.49741e-06    7.16277e-08
   10.74    1.48767e-06    2.83229e-05    3.43305e-06    6.89918e-08
   10.75    1.46102e-06    2.78199e-05    3.36988e-06    6.64529e-08
   10.76    1.43484e-06    2.73259e-05    3.30787e-06    6.40075e-08
   10.77    1.40913e-06    2.68406e-05      3.247e-06     6.1652e-08
   10.78    1.38388e-06    2.63639e-05    3.18726e-06    5.93833e-08
   10.79    1.35909e-06    2.58958e-05    3.12861e-06     5.7198e-08
    10.8    1.33474e-06    2.54359e-05    3.07104e-06    5.50931e-08
   10.81    1.31082e-06    2.49842e-05    3.01453e-06    5.30657e-08
   10.82    1.28734e-06    2.45405e-05    2.95906e-06    5.11129e-08
   10.83    1.26427e-06    2.41047e-05    2.90461e-06     4.9232e-08
   10.84    1.24162e-06    2.36766e-05    2.85116e-06    4.74203e-08
   10.85    1.21937e-06    2.32562e-05     2.7987e-06    4.56752e-08
   10.86    1.19753e-06    2.28432e-05     2.7472e-06    4.39944e-08
   10.87    1.17607e-06    2.24375e-05    2.69665e-06    4.23754e-08
   10.88      1.155e-06    2.20391e-05    2.64703e-06     4.0816e-08
   10.89     1.1343e-06    2.16477e-05    2.59832e-06     3.9314e-08
    10.9    1.11398e-06    2.12632e-05    2.55051e-06    3.78673e-08
   10.91    1.09402e-06    2.08856e-05    2.50358e-06    3.64738e-08
   10.92    1.07442e-06    2.05147e-05    2.45751e-06    3.51316e-08
   10.93    1.05517e-06    2.01504e-05    2.41229e-06    3.38387e-08
   10.94    1.03627e-06    1.97926e-05     2.3679e-06    3.25935e-08
   10.95     1.0177e-06    1.94411e-05    2.32433e-06    3.13941e-08
   10.96    9.99464e-07    1.90959e-05    2.28156e-06    3.02388e-08
   10.97    9.81557e-07    1.87567e-05    2.23958e-06     2.9126e-08
   10.98     9.6397e-07    1.84237e-05    2.19837e-06    2.80542e-08
   10.99    9.46699e-07    1.80965e-05    2.15792e-06    2.70218e-08
      11    9.29737e-07    1.77751e-05    2.11821e-06    2.60274e-08
   11.01    9.13079e-07    1.74594e-05    2.07923e-06    2.50696e-08
   11.02    8.96719e-07    1.71494e-05    2.04097e-06    2.41471e-08
   11.03    8.80653e-07    1.68448e-05    2.00342e-06    2.32584e-08
   11.04    8.64874e-07    1.65457e-05    1.96655e-06    2.24025e-08
   11.05    8.49378e-07    1.62519e-05    1.93037e-06    2.15781e-08
   11.06     8.3416e-07    1.59633e-05    1.89485e-06    2.07841e-08
   11.07    8.19215e-07    1.56798e-05    1.85998e-06    2.00192e-08
   11.08    8.04537e-07    1.54013e-05    1.82576e-06    1.92825e-08
   11.09    7.90122e-07    1.51278e-05    1.79216e-06    1.85729e-08
    11.1    7.75965e-07    1.48592e-05    1.75918e-06    1.78895e-08
   11.11    7.62062e-07    1.45953e-05    1.72681e-06    1.72311e-08
   11.12    7.48409e-07    1.43361e-05    1.69504e-06     1.6597e-08
   11.13    7.34999e-07    1.40815e-05    1.66385e-06    1.59863e-08
   11.14     7.2183e-07    1.38315e-05    1.63323e-06     1.5398e-08
   11.15    7.08897e-07    1.35858e-05    1.60318e-06    1.48314e-08
   11.16    6.96196e-07    1.33446e-05    1.57368e-06    1.42856e-08
   11.17    6.83722e-07    1.31076e-05    1.54472e-06    1.37599e-08
   11.18    6.71472e-07    1.28748e-05     1.5163e-06    1.32535e-08
   11.19    6.59441e-07    1.26462e-05     1.4884e-06    1.27658e-08
    11.2    6.47626e-07    1.24216e-05    1.46101e-06     1.2296e-08
   11.21    6.36023e-07     1.2201e-05    1.43412e-06    1.18435e-08
   11.22    6.24627e-07    1.19843e-05    1.40774e-06    1.14077e-08
   11.23    6.13436e-07    1.17715e-05    1.38183e-06    1.09879e-08
   11.24    6.02445e-07    1.15625e-05    1.35641e-06    1.05835e-08
   11.25    5.91651e-07    1.13571e-05    1.33145e-06    1.01941e-08
   11.26     5.8105e-07    1.11555e-05    1.30695e-06    9.81893e-09
   11.27     5.7064e-07    1.09574e-05     1.2829e-06    9.45759e-09
   11.28    5.60416e-07    1.07628e-05    1.25929e-06    9.10956e-09
   11.29    5.50375e-07    1.05716e-05    1.23612e-06    8.77433e-09
    11.3    5.40514e-07    1.03839e-05    1.21337e-06    8.45144e-09
   11.31    5.30829e-07    1.01995e-05    1.19105e-06    8.14043e-09
   11.32    5.21318e-07    1.00184e-05    1.16913e-06    7.84087e-09
   11.33    5.11978e-07    9.84045e-06    1.14762e-06    7.55233e-09
   11.34    5.02805e-07     9.6657e-06     1.1265e-06     7.2744e-09
   11.35    4.93796e-07    9.49405e-06    1.10577e-06    7.00671e-09
   11.36    4.84949e-07    9.32545e-06    1.08542e-06    6.74886e-09
   11.37     4.7626e-07    9.15985e-06    1.06545e-06    6.50051e-09
   11.38    4.67727e-07    8.99718e-06    1.04585e-06    6.26129e-09
   11.39    4.59347e-07    8.83741e-06     1.0266e-06    6.03088e-09
    11.4    4.51117e-07    8.68047e-06    1.00771e-06    5.80895e-09
   11.41    4.43034e-07    8.52631e-06    9.89169e-07    5.59518e-09
   11.42    4.35096e-07     8.3749e-06    9.70968e-07    5.38928e-09
   11.43      4.273e-07    8.22617e-06    9.53101e-07    5.19096e-09
   11.44    4.19645e-07    8.08009e-06    9.35563e-07    4.99993e-09
   11.45    4.12126e-07     7.9366e-06    9.18348e-07    4.81594e-09
   11.46    4.04742e-07    7.79566e-06     9.0145e-07    4.63871e-09
   11.47     3.9749e-07    7.65722e-06    8.84862e-07    4.46801e-09
   11.48    3.90368e-07    7.52124e-06     8.6858e-07    4.30359e-09
   11.49    3.83374e-07    7.38767e-06    8.52598e-07    4.14522e-09
    11.5    3.76505e-07    7.25648e-06    8.36909e-07    3.99268e-09
   11.51    3.69759e-07    7.12761e-06    8.21509e-07    3.84575e-09
   11.52    3.63134e-07    7.00104e-06    8.06393e-07    3.70422e-09
   11.53    3.56628e-07    6.87671e-06    7.91555e-07    3.56791e-09
   11.54    3.50238e-07    6.75459e-06    7.76989e-07    3.43661e-09
   11.55    3.43963e-07    6.63464e-06    7.62692e-07    3.31015e-09
   11.56      3.378e-07    6.51681e-06    7.48658e-07    3.18834e-09
   11.57    3.31748e-07    6.40109e-06    7.34882e-07    3.07101e-09
   11.58    3.25804e-07    6.28741e-06     7.2136e-07    2.95799e-09
   11.59    3.19967e-07    6.17576e-06    7.08086e-07    2.84914e-09
    11.6    3.14234e-07    6.06608e-06    6.95057e-07    2.74429e-09
   11.61    3.08604e-07    5.95836e-06    6.82267e-07    2.64331e-09
   11.62    3.03075e-07    5.85255e-06    6.69713e-07    2.54603e-09
   11.63    2.97644e-07    5.74862e-06    6.57389e-07    2.45234e-09
   11.64    2.92311e-07    5.64653e-06    6.45293e-07    2.36209e-09
   11.65    2.87074e-07    5.54625e-06    6.33419e-07    2.27517e-09
   11.66    2.81931e-07    5.44776e-06    6.21764e-07    2.19145e-09
   11.67    2.76879e-07    5.35102e-06    6.10323e-07     2.1108e-09
   11.68    2.71918e-07    5.25599e-06    5.99092e-07    2.03312e-09
   11.69    2.67047e-07    5.16265e-06    5.88068e-07    1.95831e-09
    11.7    2.62262e-07    5.07097e-06    5.77247e-07    1.88624e-09
   11.71    2.57563e-07    4.98092e-06    5.66626e-07    1.81683e-09
   11.72    2.52948e-07    4.89246e-06    5.56199e-07    1.74997e-09
   11.73    2.48416e-07    4.80558e-06    5.45965e-07    1.68557e-09
   11.74    2.43965e-07    4.72024e-06    5.35919e-07    1.62354e-09
   11.75    2.39594e-07    4.63642e-06    5.26057e-07     1.5638e-09
   11.76    2.35301e-07    4.55408e-06    5.16377e-07    1.50625e-09
   11.77    2.31085e-07    4.47321e-06    5.06876e-07    1.45082e-09
   11.78    2.26945e-07    4.39377e-06    4.97549e-07    1.39743e-09
   11.79    2.22879e-07    4.31574e-06    4.88393e-07    1.34601e-09
    11.8    2.18886e-07     4.2391e-06    4.79406e-07    1.29647e-09
   11.81    2.14964e-07    4.16382e-06    4.70585e-07    1.24876e-09
   11.82    2.11112e-07    4.08988e-06    4.61926e-07    1.20281e-09
   11.83     2.0733e-07    4.01725e-06    4.53426e-07    1.15855e-09
   11.84    2.03615e-07    3.94591e-06    4.45083e-07    1.11591e-09
   11.85    1.99967e-07    3.87583e-06    4.36893e-07    1.07485e-09
   11.86    1.96384e-07    3.80701e-06    4.28854e-07    1.03529e-09
   11.87    1.92866e-07     3.7394e-06    4.20962e-07    9.97196e-10
   11.88     1.8941e-07    3.67299e-06    4.13216e-07      9.605e-10
   11.89    1.86016e-07    3.60777e-06    4.05613e-07    9.25154e-10
    11.9    1.82684e-07     3.5437e-06    3.98149e-07    8.91108e-10
   11.91     1.7941e-07    3.48077e-06    3.90823e-07    8.58316e-10
   11.92    1.76196e-07    3.41895e-06    3.83631e-07     8.2673e-10
   11.93    1.73039e-07    3.35824e-06    3.76572e-07    7.96307e-10
   11.94    1.69939e-07     3.2986e-06    3.69643e-07    7.67003e-10
   11.95    1.66894e-07    3.24002e-06    3.62841e-07    7.38778e-10
   11.96    1.63904e-07    3.18248e-06    3.56165e-07    7.11591e-10
   11.97    1.60967e-07    3.12597e-06    3.49611e-07    6.85405e-10
   11.98    1.58083e-07    3.07045e-06    3.43178e-07    6.60182e-10
   11.99    1.55251e-07    3.01593e-06    3.36863e-07    6.35888e-10
      12    1.52469e-07    2.96237e-06    3.30665e-07    6.12487e-10
   12.01    1.49737e-07    2.90976e-06     3.2458e-07    5.89948e-10
   12.02    1.47054e-07    2.85809e-06    3.18607e-07    5.68238e-10
   12.03     1.4442e-07    2.80733e-06    3.12745e-07    5.47327e-10
   12.04    1.41832e-07    2.75748e-06     3.0699e-07    5.27186e-10
   12.05    1.39291e-07    2.70851e-06    3.01341e-07    5.07786e-10
   12.06    1.36795e-07    2.66041e-06    2.95796e-07    4.89099e-10
   12.07    1.34344e-07    2.61317e-06    2.90353e-07    4.71101e-10
   12.08    1.31937e-07    2.56676e-06    2.85011e-07    4.53765e-10
   12.09    1.29573e-07    2.52118e-06    2.79766e-07    4.37066e-10
    12.1    1.27252e-07    2.47641e-06    2.74618e-07    4.20982e-10
   12.11    1.24972e-07    2.43243e-06    2.69565e-07     4.0549e-10
   12.12    1.22733e-07    2.38923e-06    2.64605e-07    3.90568e-10
   12.13    1.20534e-07     2.3468e-06    2.59736e-07    3.76196e-10
   12.14    1.18374e-07    2.30513e-06    2.54957e-07    3.62352e-10
   12.15    1.16253e-07    2.26419e-06    2.50265e-07    3.49017e-10
   12.16     1.1417e-07    2.22398e-06     2.4566e-07    3.36174e-10
   12.17    1.12125e-07    2.18449e-06     2.4114e-07    3.23803e-10
   12.18    1.10116e-07     2.1457e-06    2.36703e-07    3.11887e-10
   12.19    1.08143e-07    2.10759e-06    2.32347e-07     3.0041e-10
    12.2    1.06205e-07    2.07016e-06    2.28072e-07    2.89355e-10
   12.21    1.04302e-07     2.0334e-06    2.23875e-07    2.78707e-10
   12.22    1.02434e-07    1.99729e-06    2.19755e-07     2.6845e-10
   12.23    1.00598e-07    1.96182e-06    2.15712e-07    2.58571e-10
   12.24    9.87959e-08    1.92698e-06    2.11743e-07    2.49056e-10
   12.25    9.70257e-08    1.89276e-06    2.07846e-07    2.39891e-10
   12.26    9.52873e-08    1.85915e-06    2.04022e-07    2.31063e-10
   12.27    9.35801e-08    1.82613e-06    2.00268e-07     2.2256e-10
   12.28    9.19034e-08     1.7937e-06    1.96582e-07     2.1437e-10
   12.29    9.02568e-08    1.76185e-06    1.92965e-07    2.06481e-10
    12.3    8.86396e-08    1.73056e-06    1.89414e-07    1.98883e-10
   12.31    8.70515e-08    1.69983e-06    1.85929e-07    1.91564e-10
   12.32    8.54918e-08    1.66964e-06    1.82508e-07    1.84514e-10
   12.33      8.396e-08    1.63999e-06     1.7915e-07    1.77724e-10
   12.34    8.24557e-08    1.61087e-06    1.75853e-07    1.71184e-10
   12.35    8.09784e-08    1.58226e-06    1.72617e-07    1.64885e-10
   12.36    7.95275e-08    1.55416e-06    1.69441e-07    1.58817e-10
   12.37    7.81026e-08    1.52656e-06    1.66323e-07    1.52973e-10
   12.38    7.67032e-08    1.49946e-06    1.63263e-07    1.47343e-10
   12.39     7.5329e-08    1.47283e-06    1.60258e-07    1.41921e-10
    12.4    7.39793e-08    1.44667e-06     1.5731e-07    1.36699e-10
   12.41    7.26538e-08    1.42098e-06    1.54415e-07    1.31668e-10
   12.42    7.13521e-08    1.39575e-06    1.51574e-07    1.26823e-10
   12.43    7.00737e-08    1.37096e-06    1.48784e-07    1.22156e-10
   12.44    6.88182e-08    1.34661e-06    1.46047e-07     1.1766e-10
   12.45    6.75851e-08     1.3227e-06    1.43359e-07    1.13331e-10
   12.46    6.63742e-08    1.29921e-06    1.40721e-07     1.0916e-10
   12.47     6.5185e-08    1.27614e-06    1.38132e-07    1.05143e-10
   12.48    6.40171e-08    1.25348e-06     1.3559e-07    1.01274e-10
   12.49    6.28701e-08    1.23122e-06    1.33095e-07     9.7547e-11
    12.5    6.17436e-08    1.20935e-06    1.30646e-07    9.39573e-11
   12.51    6.06374e-08    1.18788e-06    1.28242e-07    9.04997e-11
   12.52     5.9551e-08    1.16678e-06    1.25882e-07    8.71693e-11
   12.53     5.8484e-08    1.14606e-06    1.23566e-07    8.39615e-11
   12.54    5.74361e-08    1.12571e-06    1.21292e-07    8.08718e-11
   12.55     5.6407e-08    1.10572e-06    1.19061e-07    7.78957e-11
   12.56    5.53964e-08    1.08608e-06     1.1687e-07    7.50292e-11
   12.57    5.44039e-08    1.06679e-06    1.14719e-07    7.22682e-11
   12.58    5.34291e-08    1.04785e-06    1.12608e-07    6.96087e-11
   12.59    5.24718e-08    1.02924e-06    1.10536e-07    6.70472e-11
    12.6    5.15317e-08    1.01096e-06    1.08502e-07    6.45799e-11
   12.61    5.06084e-08     9.9301e-07    1.06506e-07    6.22033e-11
   12.62    4.97017e-08    9.75376e-07    1.04546e-07    5.99143e-11
   12.63    4.88112e-08    9.58055e-07    1.02622e-07    5.77095e-11
   12.64    4.79366e-08    9.41041e-07    1.00734e-07    5.55858e-11
   12.65    4.70777e-08     9.2433e-07    9.88803e-08    5.35402e-11
   12.66    4.62342e-08    9.07915e-07    9.70608e-08      5.157e-11
   12.67    4.54059e-08    8.91792e-07    9.52748e-08    4.96722e-11
   12.68    4.45923e-08    8.75955e-07    9.35217e-08    4.78443e-11
   12.69    4.37934e-08    8.60399e-07    9.18008e-08    4.60837e-11
    12.7    4.30087e-08     8.4512e-07    9.01116e-08    4.43878e-11
   12.71    4.22381e-08    8.30112e-07    8.84534e-08    4.27544e-11
   12.72    4.14814e-08     8.1537e-07    8.68258e-08     4.1181e-11
   12.73    4.07381e-08     8.0089e-07    8.52282e-08    3.96656e-11
   12.74    4.00082e-08    7.86668e-07    8.36599e-08    3.82059e-11
   12.75    3.92914e-08    7.72698e-07    8.21205e-08    3.67999e-11
   12.76    3.85874e-08    7.58976e-07    8.06094e-08    3.54457e-11
   12.77    3.78961e-08    7.45497e-07    7.91261e-08    3.41413e-11
   12.78    3.72171e-08    7.32258e-07    7.76701e-08    3.28849e-11
   12.79    3.65503e-08    7.19255e-07    7.62409e-08    3.16748e-11
    12.8    3.58954e-08    7.06482e-07     7.4838e-08    3.05092e-11
   12.81    3.52523e-08    6.93936e-07     7.3461e-08    2.93864e-11
   12.82    3.46206e-08    6.81612e-07    7.21092e-08     2.8305e-11
   12.83    3.40003e-08    6.69508e-07    7.07824e-08    2.72634e-11
   12.84    3.33912e-08    6.57618e-07    6.94799e-08    2.62601e-11
   12.85    3.27929e-08     6.4594e-07    6.82014e-08    2.52938e-11
   12.86    3.22053e-08    6.34469e-07    6.69464e-08     2.4363e-11
   12.87    3.16283e-08    6.23202e-07    6.57146e-08    2.34664e-11
   12.88    3.10616e-08    6.12135e-07    6.45054e-08    2.26029e-11
   12.89    3.05051e-08    6.01264e-07    6.33184e-08    2.17711e-11
    12.9    2.99586e-08    5.90587e-07    6.21533e-08    2.09699e-11
   12.91    2.94218e-08    5.80099e-07    6.10096e-08    2.01982e-11
   12.92    2.88946e-08    5.69797e-07     5.9887e-08     1.9455e-11
   12.93    2.83769e-08    5.59678e-07     5.8785e-08     1.8739e-11
   12.94    2.78685e-08    5.49739e-07    5.77033e-08    1.80494e-11
   12.95    2.73692e-08    5.39977e-07    5.66416e-08    1.73852e-11
   12.96    2.68788e-08    5.30387e-07    5.55993e-08    1.67455e-11
   12.97    2.63972e-08    5.20968e-07    5.45762e-08    1.61292e-11
   12.98    2.59243e-08    5.11717e-07     5.3572e-08    1.55357e-11
   12.99    2.54598e-08     5.0263e-07    5.25862e-08     1.4964e-11
      13    2.50036e-08    4.93704e-07    5.16186e-08    1.44133e-11
