# Fission Isotope Spectra
#  U235, Pu239, Pu241: Interpolation of reported ILL spectra
#  U238: Interpolation of Vogel's spectra
#
# The columns have the following definitions:
#   Enu: Antineutrino energy [MeV]
#   dNdE_XXX: Antineutrino spectrum [antineutrinos MeV^-1 fission^-1]
#    Enu      dNdE_U235      dNdE_U238     dNdE_Pu239     dNdE_Pu241
     1.8        1.51185        1.68627        1.21948        1.38202
    1.81        1.50048        1.67699        1.21153        1.37455
    1.82         1.4892        1.66776        1.20363        1.36712
    1.83          1.478        1.65857        1.19579        1.35972
    1.84        1.46688        1.64944          1.188        1.35237
    1.85        1.45585        1.64036        1.18025        1.34506
    1.86         1.4449        1.63133        1.17256        1.33779
    1.87        1.43404        1.62235        1.16492        1.33055
    1.88        1.42325        1.61342        1.15733        1.32336
    1.89        1.41255        1.60454        1.14979         1.3162
     1.9        1.40193         1.5957         1.1423        1.30909
    1.91        1.39139        1.58692        1.13485        1.30201
    1.92        1.38092        1.57818        1.12746        1.29497
    1.93        1.37054        1.56949        1.12011        1.28797
    1.94        1.36023        1.56085        1.11281          1.281
    1.95           1.35        1.55226        1.10556        1.27408
    1.96        1.33985        1.54371        1.09835        1.26719
    1.97        1.32977        1.53522        1.09119        1.26033
    1.98        1.31977        1.52676        1.08408        1.25352
    1.99        1.30985        1.51836        1.07702        1.24674
       2            1.3           1.51           1.07           1.24
    2.01        1.29039        1.49935        1.06215        1.23224
    2.02        1.28086        1.48878        1.05435        1.22454
    2.03         1.2714        1.47828        1.04661        1.21688
    2.04          1.262        1.46786        1.03893        1.20927
    2.05        1.25268         1.4575         1.0313        1.20171
    2.06        1.24342        1.44723        1.02373        1.19419
    2.07        1.23424        1.43702        1.01621        1.18672
    2.08        1.22512        1.42689        1.00876         1.1793
    2.09        1.21606        1.41682        1.00135        1.17193
     2.1        1.20708        1.40683          0.994         1.1646
    2.11        1.19816        1.39691       0.986703        1.15731
    2.12        1.18931        1.38706        0.97946        1.15007
    2.13        1.18052        1.37728        0.97227        1.14288
    2.14         1.1718        1.36757       0.965133        1.13573
    2.15        1.16314        1.35792       0.958049        1.12863
    2.16        1.15454        1.34835       0.951016        1.12157
    2.17        1.14601        1.33884       0.944035        1.11456
    2.18        1.13755         1.3294       0.937105        1.10759
    2.19        1.12914        1.32002       0.930226        1.10066
     2.2         1.1208        1.31072       0.923398        1.09378
    2.21        1.11252        1.30147       0.916619        1.08694
    2.22         1.1043         1.2923       0.909891        1.08014
    2.23        1.09614        1.28318       0.903212        1.07338
    2.24        1.08804        1.27413       0.896581        1.06667
    2.25           1.08        1.26515           0.89           1.06
    2.26        1.07215        1.25623       0.881992        1.05166
    2.27        1.06436        1.24737       0.874056        1.04338
    2.28        1.05663        1.23857       0.866192        1.03517
    2.29        1.04895        1.22984       0.858398        1.02702
     2.3        1.04133        1.22116       0.850675        1.01894
    2.31        1.03376        1.21255       0.843021        1.01092
    2.32        1.02625          1.204       0.835436        1.00296
    2.33        1.01879        1.19551       0.827919       0.995071
    2.34        1.01139        1.18708        0.82047        0.98724
    2.35        1.00404        1.17871       0.813088        0.97947
    2.36       0.996745         1.1704       0.805772       0.971762
    2.37       0.989502        1.16215       0.798522       0.964114
    2.38       0.982312        1.15395       0.791337       0.956526
    2.39       0.975174        1.14581       0.784217       0.948998
     2.4       0.968088        1.13773       0.777161       0.941529
    2.41       0.961054        1.12971       0.770168       0.934119
    2.42       0.954071        1.12174       0.763239       0.926768
    2.43       0.947138        1.11383       0.756372       0.919474
    2.44       0.940256        1.10598       0.749566       0.912238
    2.45       0.933424        1.09818       0.742822       0.905058
    2.46       0.926641        1.09043       0.736138       0.897935
    2.47       0.919908        1.08274       0.729515       0.890869
    2.48       0.913223        1.07511       0.722951       0.883857
    2.49       0.906588        1.06753       0.716446       0.876901
     2.5            0.9           1.06           0.71           0.87
    2.51       0.893981        1.05297       0.705188        0.86485
    2.52       0.888002        1.04599       0.700409       0.859731
    2.53       0.882063        1.03905       0.695662       0.854642
    2.54       0.876164        1.03216       0.690948       0.849583
    2.55       0.870304        1.02531       0.686265       0.844554
    2.56       0.864483        1.01851       0.681614       0.839555
    2.57       0.858702        1.01176       0.676995       0.834586
    2.58       0.852959        1.00505       0.672407       0.829646
    2.59       0.847254       0.998383        0.66785       0.824735
     2.6       0.841588       0.991762       0.663324       0.819853
    2.61       0.835959       0.985184       0.658829          0.815
    2.62       0.830368       0.978651       0.654364       0.810176
    2.63       0.824815        0.97216       0.649929        0.80538
    2.64       0.819298       0.965713       0.645524       0.800613
    2.65       0.813819       0.959308        0.64115       0.795874
    2.66       0.808376       0.952946       0.636805       0.791163
    2.67        0.80297       0.946626       0.632489        0.78648
    2.68       0.797599       0.940348       0.628202       0.781825
    2.69       0.792265       0.934112       0.623945       0.777197
     2.7       0.786966       0.927917       0.619717       0.772597
    2.71       0.781703       0.921763       0.615517       0.768024
    2.72       0.776475        0.91565       0.611345       0.763477
    2.73       0.771282       0.909577       0.607202       0.758958
    2.74       0.766124       0.903545       0.603087       0.754466
    2.75          0.761       0.897552          0.599           0.75
    2.76       0.755605         0.8916       0.594255       0.744455
    2.77       0.750248       0.885687       0.589548       0.738951
    2.78        0.74493       0.879813       0.584878       0.733487
    2.79       0.739649       0.873978       0.580245       0.728064
     2.8       0.734405       0.868181       0.575649       0.722681
    2.81       0.729199       0.862424       0.571089       0.717338
    2.82       0.724029       0.856704       0.566566       0.712034
    2.83       0.718896       0.851022       0.562078        0.70677
    2.84         0.7138       0.845378       0.557625       0.701544
    2.85       0.708739       0.839772       0.553208       0.696357
    2.86       0.703715       0.834202       0.548826       0.691208
    2.87       0.698726        0.82867       0.544479       0.686098
    2.88       0.693773       0.823174       0.540166       0.681025
    2.89       0.688854       0.817715       0.535887        0.67599
     2.9       0.683971       0.812292       0.531642       0.670992
    2.91       0.679122       0.806905       0.527431       0.666031
    2.92       0.674307       0.801553       0.523253       0.661107
    2.93       0.669527       0.796237       0.519109       0.656219
    2.94       0.664781       0.790957       0.514997       0.651367
    2.95       0.660068       0.785711       0.510917       0.646551
    2.96       0.655388         0.7805        0.50687       0.641771
    2.97       0.650742       0.775324       0.502855       0.637026
    2.98       0.646129       0.770182       0.498872       0.632316
    2.99       0.641548       0.765074        0.49492       0.627641
       3          0.637           0.76          0.491          0.623
    3.01       0.632616         0.7551       0.486844       0.618513
    3.02       0.628263       0.750232       0.482723       0.614058
    3.03       0.623939       0.745395       0.478637       0.609635
    3.04       0.619646       0.740589       0.474586       0.605244
    3.05       0.615382       0.735815       0.470569       0.600885
    3.06       0.611147       0.731071       0.466586       0.596557
    3.07       0.606941       0.726358       0.462637        0.59226
    3.08       0.602764       0.721675       0.458721       0.587994
    3.09       0.598616       0.717022       0.454838       0.583759
     3.1       0.594497       0.712399       0.450988       0.579554
    3.11       0.590406       0.707806       0.447171        0.57538
    3.12       0.586343       0.703243       0.443386       0.571236
    3.13       0.582308       0.698709       0.439633       0.567121
    3.14       0.578301       0.694204       0.435912       0.563037
    3.15       0.574321       0.689729       0.432222       0.558981
    3.16       0.570369       0.685282       0.428564       0.554955
    3.17       0.566444       0.680864       0.424936       0.550958
    3.18       0.562546       0.676474       0.421339        0.54699
    3.19       0.558674       0.672113       0.417773        0.54305
     3.2        0.55483        0.66778       0.414237       0.539138
    3.21       0.551012       0.663474       0.410731       0.535255
    3.22        0.54722       0.659197       0.407254         0.5314
    3.23       0.543454       0.654947       0.403807       0.527572
    3.24       0.539714       0.650725       0.400389       0.523773
    3.25          0.536       0.646529          0.397           0.52
    3.26        0.53164       0.642361       0.393442       0.515577
    3.27       0.527315        0.63822       0.389917       0.511191
    3.28       0.523025       0.634105       0.386423       0.506842
    3.29       0.518771       0.630017        0.38296       0.502531
     3.3       0.514551       0.625955       0.379528       0.498256
    3.31       0.510365       0.621919       0.376127       0.494018
    3.32       0.506213        0.61791       0.372757       0.489815
    3.33       0.502095       0.613926       0.369417       0.485648
    3.34       0.498011       0.609968       0.366106       0.481517
    3.35        0.49396       0.606035       0.362826       0.477421
    3.36       0.489941       0.602128       0.359574        0.47336
    3.37       0.485956       0.598246       0.356352       0.469333
    3.38       0.482003       0.594389       0.353159       0.465341
    3.39       0.478082       0.590557       0.349994       0.461382
     3.4       0.474193        0.58675       0.346858       0.457458
    3.41       0.470335       0.582967        0.34375       0.453566
    3.42       0.466509       0.579208        0.34067       0.449708
    3.43       0.462714       0.575474       0.337617       0.445882
    3.44        0.45895       0.571764       0.334591        0.44209
    3.45       0.455217       0.568078       0.331593       0.438329
    3.46       0.451514       0.564415       0.328622         0.4346
    3.47       0.447841       0.560776       0.325677       0.430903
    3.48       0.444197       0.557161       0.322759       0.427238
    3.49       0.440584       0.553569       0.319866       0.423603
     3.5          0.437           0.55          0.317           0.42
    3.51       0.433235       0.546119       0.313903       0.416168
    3.52       0.429503       0.542265       0.310836       0.412372
    3.53       0.425803       0.538439       0.307798        0.40861
    3.54       0.422135       0.534639       0.304791       0.404882
    3.55       0.418498       0.530866       0.301813       0.401189
    3.56       0.414893        0.52712       0.298864       0.397529
    3.57       0.411319       0.523401       0.295944       0.393902
    3.58       0.407775       0.519707       0.293052       0.390309
    3.59       0.404263        0.51604       0.290189       0.386748
     3.6        0.40078       0.512398       0.287353        0.38322
    3.61       0.397327       0.508782       0.284546       0.379724
    3.62       0.393904       0.505192       0.281765        0.37626
    3.63       0.390511       0.501627       0.279012       0.372827
    3.64       0.387147       0.498087       0.276286       0.369426
    3.65       0.383812       0.494573       0.273587       0.366056
    3.66       0.380505       0.491083       0.270913       0.362717
    3.67       0.377227       0.487617       0.268266       0.359408
    3.68       0.373978       0.484176       0.265645       0.356129
    3.69       0.370756        0.48076        0.26305        0.35288
     3.7       0.367562       0.477367       0.260479       0.349661
    3.71       0.364395       0.473999       0.257934       0.346471
    3.72       0.361256       0.470654       0.255414        0.34331
    3.73       0.358144       0.467333       0.252918       0.340178
    3.74       0.355059       0.464035       0.250447       0.337075
    3.75          0.352        0.46076          0.248          0.334
    3.76       0.348941       0.457509       0.245371        0.33117
    3.77       0.345909        0.45428        0.24277       0.328364
    3.78       0.342903       0.451075       0.240197       0.325582
    3.79       0.339924       0.447892       0.237651       0.322824
     3.8        0.33697       0.444731       0.235132       0.320088
    3.81       0.334042       0.441593        0.23264       0.317376
    3.82       0.331139       0.438477       0.230174       0.314687
    3.83       0.328262       0.435382       0.227734       0.312021
    3.84        0.32541        0.43231        0.22532       0.309377
    3.85       0.322582        0.42926       0.222932       0.306756
    3.86       0.319779        0.42623       0.220569       0.304157
    3.87          0.317       0.423223       0.218231        0.30158
    3.88       0.314246       0.420236       0.215918       0.299025
    3.89       0.311515       0.417271       0.213629       0.296491
     3.9       0.308808       0.414326       0.211365       0.293979
    3.91       0.306125       0.411402       0.209124       0.291489
    3.92       0.303465       0.408499       0.206908       0.289019
    3.93       0.300828       0.405617       0.204715        0.28657
    3.94       0.298214       0.402754       0.202545       0.284142
    3.95       0.295623       0.399912       0.200398       0.281735
    3.96       0.293054        0.39709       0.198274       0.279348
    3.97       0.290507       0.394288       0.196172       0.276981
    3.98       0.287983       0.391506       0.194093       0.274634
    3.99       0.285481       0.388743       0.192036       0.272307
       4          0.283          0.386           0.19           0.27
    4.01       0.280316       0.382902       0.188111       0.267299
    4.02       0.277657       0.379829       0.186241       0.264626
    4.03       0.275023       0.376781       0.184389       0.261979
    4.04       0.272414       0.373757       0.182555       0.259359
    4.05        0.26983       0.370758        0.18074       0.256764
    4.06        0.26727       0.367783       0.178943       0.254196
    4.07       0.264735       0.364831       0.177164       0.251654
    4.08       0.262224       0.361903       0.175403       0.249137
    4.09       0.259737       0.358999       0.173659       0.246645
     4.1       0.257273       0.356118       0.171932       0.244178
    4.11       0.254832        0.35326       0.170223       0.241735
    4.12       0.252415       0.350425        0.16853       0.239317
    4.13       0.250021       0.347613       0.166854       0.236924
    4.14       0.247649       0.344823       0.165195       0.234554
    4.15         0.2453       0.342056       0.163553       0.232208
    4.16       0.242973       0.339311       0.161927       0.229885
    4.17       0.240668       0.336588       0.160317       0.227586
    4.18       0.238385       0.333887       0.158723        0.22531
    4.19       0.236124       0.331207       0.157145       0.223056
     4.2       0.233884       0.328549       0.155582       0.220825
    4.21       0.231666       0.325912       0.154035       0.218616
    4.22       0.229468       0.323297       0.152504        0.21643
    4.23       0.227292       0.320702       0.150988       0.214265
    4.24       0.225136       0.318129       0.149486       0.212122
    4.25          0.223       0.315576          0.148           0.21
    4.26       0.220696       0.313043       0.146092       0.207571
    4.27       0.218415       0.310531       0.144209        0.20517
    4.28       0.216158       0.308039        0.14235       0.202797
    4.29       0.213925       0.305567       0.140515       0.200451
     4.3       0.211714       0.303115       0.138703       0.198132
    4.31       0.209526       0.300682       0.136915       0.195841
    4.32       0.207361       0.298269        0.13515       0.193575
    4.33       0.205218       0.295875       0.133408       0.191336
    4.34       0.203098       0.293501       0.131688       0.189123
    4.35       0.200999       0.291145        0.12999       0.186935
    4.36       0.198922       0.288809       0.128314       0.184773
    4.37       0.196867       0.286491        0.12666       0.182636
    4.38       0.194832       0.284192       0.125027       0.180523
    4.39       0.192819       0.281911       0.123416       0.178435
     4.4       0.190827       0.279649       0.121825       0.176371
    4.41       0.188855       0.277405       0.120254       0.174331
    4.42       0.186903       0.275179       0.118704       0.172315
    4.43       0.184972        0.27297       0.117174       0.170321
    4.44       0.183061        0.27078       0.115663       0.168351
    4.45       0.181169       0.268606       0.114172       0.166404
    4.46       0.179297       0.266451         0.1127       0.164479
    4.47       0.177444       0.264313       0.111247       0.162577
    4.48       0.175611       0.262191       0.109813       0.160696
    4.49       0.173796       0.260087       0.108397       0.158837
     4.5          0.172          0.258          0.107          0.157
    4.51       0.170189       0.255886       0.105709       0.155217
    4.52       0.168396        0.25379       0.104434       0.153454
    4.53       0.166623       0.251711       0.103175       0.151711
    4.54       0.164868       0.249649        0.10193       0.149988
    4.55       0.163131       0.247604       0.100701       0.148285
    4.56       0.161413       0.245575       0.099486         0.1466
    4.57       0.159713       0.243564      0.0982861       0.144935
    4.58       0.158031       0.241568      0.0971005       0.143289
    4.59       0.156367       0.239589      0.0959293       0.141662
     4.6        0.15472       0.237627      0.0947722       0.140053
    4.61       0.153091        0.23568      0.0936291       0.138462
    4.62       0.151478       0.233749      0.0924998        0.13689
    4.63       0.149883       0.231834       0.091384       0.135335
    4.64       0.148304       0.229935      0.0902818       0.133798
    4.65       0.146742       0.228051      0.0891928       0.132278
    4.66       0.145197       0.226183       0.088117       0.130776
    4.67       0.143668        0.22433      0.0870541       0.129291
    4.68       0.142155       0.222492      0.0860041       0.127822
    4.69       0.140658        0.22067      0.0849667       0.126371
     4.7       0.139176       0.218862      0.0839418       0.124935
    4.71        0.13771       0.217069      0.0829293       0.123516
    4.72        0.13626       0.215291       0.081929       0.122114
    4.73       0.134825       0.213527      0.0809408       0.120727
    4.74       0.133405       0.211778      0.0799645       0.119356
    4.75          0.132       0.210043          0.079          0.118
    4.76       0.130797       0.208322       0.078008       0.116831
    4.77       0.129605       0.206616      0.0770284       0.115674
    4.78       0.128424       0.204923      0.0760611       0.114528
    4.79       0.127254       0.203244       0.075106       0.113393
     4.8       0.126095       0.201579      0.0741628        0.11227
    4.81       0.124946       0.199928      0.0732315       0.111158
    4.82       0.123807        0.19829      0.0723119       0.110056
    4.83       0.122679       0.196665      0.0714038       0.108966
    4.84       0.121561       0.195054      0.0705072       0.107887
    4.85       0.120454       0.193456      0.0696218       0.106818
    4.86       0.119356       0.191872      0.0687475        0.10576
    4.87       0.118269         0.1903      0.0678842       0.104712
    4.88       0.117191       0.188741      0.0670318       0.103675
    4.89       0.116123       0.187195        0.06619       0.102648
     4.9       0.115065       0.185661      0.0653588       0.101631
    4.91       0.114017        0.18414      0.0645381       0.100624
    4.92       0.112978       0.182632      0.0637277      0.0996272
    4.93       0.111948       0.181135      0.0629274      0.0986403
    4.94       0.110928       0.179652      0.0621372      0.0976631
    4.95       0.109917        0.17818      0.0613569      0.0966956
    4.96       0.108916        0.17672      0.0605864      0.0957377
    4.97       0.107923       0.175272      0.0598256      0.0947893
    4.98        0.10694       0.173837      0.0590743      0.0938502
    4.99       0.105966       0.172412      0.0583325      0.0929205
       5          0.105          0.171         0.0576          0.092
    5.01       0.103972       0.169372       0.056988      0.0909789
    5.02       0.102954        0.16776      0.0563824      0.0899691
    5.03       0.101945       0.166163      0.0557833      0.0889706
    5.04       0.100947       0.164581      0.0551906      0.0879831
    5.05      0.0999586       0.163015      0.0546042      0.0870066
    5.06      0.0989797       0.161463       0.054024      0.0860409
    5.07      0.0980104       0.159926      0.0534499      0.0850859
    5.08      0.0970507       0.158404       0.052882      0.0841416
    5.09      0.0961003       0.156896      0.0523201      0.0832077
     5.1      0.0951592       0.155403      0.0517641      0.0822842
    5.11      0.0942274       0.153923      0.0512141      0.0813709
    5.12      0.0933046       0.152458      0.0506699      0.0804678
    5.13      0.0923909       0.151007      0.0501315      0.0795747
    5.14      0.0914862       0.149569      0.0495988      0.0786915
    5.15      0.0905903       0.148146      0.0490718      0.0778181
    5.16      0.0897032       0.146736      0.0485504      0.0769544
    5.17      0.0888247       0.145339      0.0480345      0.0761003
    5.18      0.0879549       0.143955      0.0475241      0.0752557
    5.19      0.0870936       0.142585      0.0470191      0.0744204
     5.2      0.0862407       0.141228      0.0465195      0.0735944
    5.21      0.0853962       0.139883      0.0460252      0.0727776
    5.22      0.0845599       0.138552      0.0455362      0.0719699
    5.23      0.0837319       0.137233      0.0450523      0.0711711
    5.24      0.0829119       0.135927      0.0445736      0.0703812
    5.25         0.0821       0.134633         0.0441         0.0696
    5.26      0.0811673       0.133351      0.0436942      0.0688195
    5.27      0.0802451       0.132082      0.0432921      0.0680477
    5.28      0.0793334       0.130825      0.0428938      0.0672845
    5.29      0.0784321       0.129579      0.0424991        0.06653
     5.3       0.077541       0.128346       0.042108      0.0657838
    5.31      0.0766601       0.127124      0.0417205      0.0650461
    5.32      0.0757891       0.125914      0.0413366      0.0643166
    5.33      0.0749281       0.124716      0.0409562      0.0635953
    5.34      0.0740768       0.123528      0.0405794      0.0628821
    5.35      0.0732352       0.122353       0.040206      0.0621769
    5.36      0.0724032       0.121188       0.039836      0.0614796
    5.37      0.0715806       0.120034      0.0394694      0.0607902
    5.38      0.0707674       0.118892      0.0391062      0.0601084
    5.39      0.0699634        0.11776      0.0387464      0.0594343
     5.4      0.0691685       0.116639      0.0383898      0.0587678
    5.41      0.0683827       0.115529      0.0380366      0.0581087
    5.42      0.0676058       0.114429      0.0376866       0.057457
    5.43      0.0668377        0.11334      0.0373398      0.0568127
    5.44      0.0660783       0.112261      0.0369962      0.0561755
    5.45      0.0653276       0.111192      0.0366558      0.0555456
    5.46      0.0645854       0.110134      0.0363185      0.0549226
    5.47      0.0638516       0.109086      0.0359843      0.0543067
    5.48      0.0631262       0.108047      0.0356531      0.0536977
    5.49       0.062409       0.107019      0.0353251      0.0530954
     5.5         0.0617          0.106          0.035         0.0525
    5.51      0.0610936       0.104818      0.0346179      0.0518365
    5.52      0.0604931       0.103649        0.03424      0.0511813
    5.53      0.0598986       0.102493      0.0338661      0.0505345
    5.54      0.0593099        0.10135      0.0334964      0.0498958
    5.55       0.058727       0.100219      0.0331307      0.0492652
    5.56      0.0581498      0.0991014       0.032769      0.0486425
    5.57      0.0575783      0.0979961      0.0324113      0.0480278
    5.58      0.0570124      0.0969031      0.0320574      0.0474208
    5.59       0.056452      0.0958223      0.0317074      0.0468214
     5.6      0.0558972      0.0947536      0.0313613      0.0462297
    5.61      0.0553478      0.0936968      0.0310189      0.0456454
    5.62      0.0548038      0.0926518      0.0306802      0.0450685
    5.63      0.0542652      0.0916184      0.0303453      0.0444989
    5.64      0.0537319      0.0905966       0.030014      0.0439365
    5.65      0.0532038      0.0895861      0.0296863      0.0433812
    5.66      0.0526808      0.0885869      0.0293622      0.0428329
    5.67      0.0521631      0.0875989      0.0290416      0.0422916
    5.68      0.0516504      0.0866219      0.0287246      0.0417571
    5.69      0.0511428      0.0856558       0.028411      0.0412293
     5.7      0.0506401      0.0847004      0.0281008      0.0407083
    5.71      0.0501424      0.0837558       0.027794      0.0401938
    5.72      0.0496496      0.0828216      0.0274906      0.0396858
    5.73      0.0491616      0.0818979      0.0271905      0.0391842
    5.74      0.0486784      0.0809844      0.0268936       0.038689
    5.75         0.0482      0.0800812         0.0266         0.0382
    5.76      0.0476928       0.079188      0.0261701      0.0377066
    5.77       0.047191      0.0783048      0.0257471      0.0372195
    5.78      0.0466945      0.0774315       0.025331      0.0367388
    5.79      0.0462032      0.0765679      0.0249216      0.0362642
     5.8       0.045717      0.0757139      0.0245188      0.0357958
    5.81       0.045236      0.0748694      0.0241226      0.0353335
    5.82        0.04476      0.0740344      0.0237327      0.0348771
    5.83      0.0442891      0.0732087      0.0233491      0.0344266
    5.84      0.0438231      0.0723922      0.0229718      0.0339819
    5.85       0.043362      0.0715848      0.0226005       0.033543
    5.86      0.0429057      0.0707863      0.0222352      0.0331097
    5.87      0.0424543      0.0699969      0.0218759      0.0326821
    5.88      0.0420076      0.0692162      0.0215223      0.0322599
    5.89      0.0415656      0.0684442      0.0211745      0.0318432
     5.9      0.0411282      0.0676808      0.0208323      0.0314319
    5.91      0.0406955      0.0669259      0.0204956      0.0310259
    5.92      0.0402673      0.0661795      0.0201643      0.0306252
    5.93      0.0398436      0.0654414      0.0198384      0.0302296
    5.94      0.0394244      0.0647115      0.0195178      0.0298391
    5.95      0.0390095      0.0639898      0.0192024      0.0294537
    5.96      0.0385991      0.0632761       0.018892      0.0290733
    5.97      0.0381929      0.0625703      0.0185867      0.0286977
    5.98      0.0377911      0.0618725      0.0182863      0.0283271
    5.99      0.0373935      0.0611824      0.0179908      0.0279612
       6          0.037         0.0605         0.0177         0.0276
    6.01      0.0365366      0.0597154       0.017461      0.0271851
    6.02       0.036079       0.058941      0.0172252      0.0267765
    6.03      0.0356272      0.0581766      0.0169926       0.026374
    6.04       0.035181      0.0574222      0.0167632      0.0259775
    6.05      0.0347403      0.0566775      0.0165368       0.025587
    6.06      0.0343053      0.0559425      0.0163136      0.0252024
    6.07      0.0338756       0.055217      0.0160933      0.0248235
    6.08      0.0334513       0.054501       0.015876      0.0244504
    6.09      0.0330324      0.0537942      0.0156616      0.0240829
     6.1      0.0326187      0.0530966      0.0154501      0.0237208
    6.11      0.0322102       0.052408      0.0152415      0.0233643
    6.12      0.0318068      0.0517283      0.0150357      0.0230131
    6.13      0.0314084      0.0510575      0.0148327      0.0226671
    6.14       0.031015      0.0503954      0.0146324      0.0223264
    6.15      0.0306266      0.0497418      0.0144348      0.0219908
    6.16       0.030243      0.0490968      0.0142399      0.0216602
    6.17      0.0298643      0.0484601      0.0140476      0.0213346
    6.18      0.0294902      0.0478316       0.013858      0.0210139
    6.19      0.0291209      0.0472113      0.0136708       0.020698
     6.2      0.0287562      0.0465991      0.0134862      0.0203869
    6.21       0.028396      0.0459948      0.0133041      0.0200804
    6.22      0.0280404      0.0453983      0.0131245      0.0197786
    6.23      0.0276892      0.0448096      0.0129473      0.0194813
    6.24      0.0273424      0.0442285      0.0127725      0.0191884
    6.25          0.027      0.0436549         0.0126         0.0189
    6.26      0.0266937      0.0430888      0.0124532      0.0186691
    6.27      0.0263909        0.04253      0.0123081      0.0184411
    6.28      0.0260915      0.0419784      0.0121647      0.0182158
    6.29      0.0257956       0.041434       0.012023      0.0179933
     6.3      0.0255029      0.0408967      0.0118829      0.0177735
    6.31      0.0252136      0.0403664      0.0117444      0.0175564
    6.32      0.0249276      0.0398429      0.0116076      0.0173419
    6.33      0.0246448      0.0393262      0.0114724      0.0171301
    6.34      0.0243653      0.0388162      0.0113387      0.0169208
    6.35      0.0240889      0.0383128      0.0112066      0.0167141
    6.36      0.0238156       0.037816       0.011076      0.0165099
    6.37      0.0235455      0.0373255       0.010947      0.0163082
    6.38      0.0232784      0.0368415      0.0108194       0.016109
    6.39      0.0230143      0.0363637      0.0106934      0.0159122
     6.4      0.0227532      0.0358922      0.0105688      0.0157179
    6.41      0.0224951      0.0354267      0.0104456      0.0155259
    6.42      0.0222399      0.0349673      0.0103239      0.0153362
    6.43      0.0219877      0.0345138      0.0102037      0.0151489
    6.44      0.0217382      0.0340662      0.0100848      0.0149638
    6.45      0.0214916      0.0336244     0.00996727       0.014781
    6.46      0.0212478      0.0331884     0.00985114      0.0146005
    6.47      0.0210068       0.032758     0.00973637      0.0144221
    6.48      0.0207685      0.0323332     0.00962293      0.0142459
    6.49      0.0205329      0.0319139     0.00951081      0.0140719
     6.5         0.0203         0.0315         0.0094         0.0139
    6.51      0.0200558      0.0311283     0.00928661      0.0137236
    6.52      0.0198145       0.030761     0.00917458      0.0135494
    6.53      0.0195762       0.030398     0.00906391      0.0133774
    6.54      0.0193407      0.0300393     0.00895457      0.0132076
    6.55       0.019108      0.0296848     0.00884655        0.01304
    6.56      0.0188781      0.0293345     0.00873984      0.0128744
    6.57       0.018651      0.0289884     0.00863441       0.012711
    6.58      0.0184267      0.0286463     0.00853025      0.0125497
    6.59       0.018205      0.0283083     0.00842735      0.0123904
     6.6       0.017986      0.0279742      0.0083257      0.0122331
    6.61      0.0177696      0.0276441     0.00822526      0.0120779
    6.62      0.0175558      0.0273179     0.00812604      0.0119245
    6.63      0.0173447      0.0269956     0.00802802      0.0117732
    6.64       0.017136       0.026677     0.00793118      0.0116238
    6.65      0.0169299      0.0263622      0.0078355      0.0114762
    6.66      0.0167262      0.0260512     0.00774098      0.0113306
    6.67       0.016525      0.0257437      0.0076476      0.0111867
    6.68      0.0163262        0.02544     0.00755535      0.0110447
    6.69      0.0161298      0.0251398     0.00746421      0.0109046
     6.7      0.0159357      0.0248431     0.00737417      0.0107661
    6.71       0.015744        0.02455     0.00728522      0.0106295
    6.72      0.0155546      0.0242603     0.00719733      0.0104946
    6.73      0.0153675       0.023974     0.00711051      0.0103614
    6.74      0.0151826      0.0236911     0.00702474      0.0102298
    6.75          0.015      0.0234115        0.00694         0.0101
    6.76      0.0147875      0.0231353     0.00683148     0.00994318
    6.77       0.014578      0.0228623     0.00672466      0.0097888
    6.78      0.0143715      0.0225925     0.00661951     0.00963681
    6.79      0.0141679      0.0223259       0.006516     0.00948718
     6.8      0.0139672      0.0220625     0.00641412     0.00933988
    6.81      0.0137694      0.0218021     0.00631382     0.00919486
    6.82      0.0135743      0.0215448     0.00621509      0.0090521
    6.83       0.013382      0.0212906     0.00611791     0.00891155
    6.84      0.0131925      0.0210394     0.00602225     0.00877318
    6.85      0.0130056      0.0207911     0.00592808     0.00863696
    6.86      0.0128214      0.0205458     0.00583538     0.00850286
    6.87      0.0126397      0.0203033     0.00574414     0.00837084
    6.88      0.0124607      0.0200637     0.00565432     0.00824087
    6.89      0.0122842       0.019827     0.00556591     0.00811292
     6.9      0.0121102       0.019593     0.00547887     0.00798695
    6.91      0.0119386      0.0193618      0.0053932     0.00786294
    6.92      0.0117695      0.0191334     0.00530887     0.00774085
    6.93      0.0116028      0.0189076     0.00522586     0.00762067
    6.94      0.0114384      0.0186845     0.00514414     0.00750234
    6.95      0.0112764       0.018464     0.00506371     0.00738586
    6.96      0.0111166      0.0182461     0.00498453     0.00727118
    6.97      0.0109592      0.0180308     0.00490659     0.00715828
    6.98      0.0108039       0.017818     0.00482986     0.00704714
    6.99      0.0106509      0.0176078     0.00475434     0.00693772
       7         0.0105         0.0174        0.00468        0.00683
    7.01      0.0103118      0.0171834     0.00460053     0.00669264
    7.02      0.0101269      0.0169694     0.00452241     0.00655805
    7.03     0.00994534      0.0167581     0.00444562     0.00642616
    7.04     0.00976705      0.0165495     0.00437013     0.00629692
    7.05     0.00959195      0.0163434     0.00429592     0.00617028
    7.06     0.00941999      0.0161399     0.00422298     0.00604619
    7.07     0.00925111       0.015939     0.00415127     0.00592459
    7.08     0.00908526      0.0157405     0.00408078     0.00580544
    7.09     0.00892238      0.0155445     0.00401149     0.00568869
     7.1     0.00876242       0.015351     0.00394337     0.00557428
    7.11     0.00860533      0.0151598     0.00387641     0.00546218
    7.12     0.00845106      0.0149711     0.00381059     0.00535233
    7.13     0.00829955      0.0147847     0.00374588     0.00524469
    7.14     0.00815076      0.0146006     0.00368227     0.00513921
    7.15     0.00800464      0.0144188     0.00361975     0.00503586
    7.16     0.00786113      0.0142393     0.00355828     0.00493458
    7.17      0.0077202       0.014062     0.00349786     0.00483534
    7.18      0.0075818      0.0138869     0.00343847      0.0047381
    7.19     0.00744587       0.013714     0.00338008     0.00464281
     7.2     0.00731238      0.0135432     0.00332268     0.00454944
    7.21     0.00718129      0.0133746     0.00326626     0.00445794
    7.22     0.00705255      0.0132081      0.0032108     0.00436829
    7.23     0.00692611      0.0130436     0.00315628     0.00428044
    7.24     0.00680194      0.0128812     0.00310268     0.00419435
    7.25        0.00668      0.0127208        0.00305        0.00411
    7.26     0.00656272      0.0125625     0.00298634     0.00403164
    7.27     0.00644749       0.012406       0.002924     0.00395477
    7.28     0.00633429      0.0122516     0.00286297     0.00387937
    7.29     0.00622308       0.012099     0.00280321      0.0038054
     7.3     0.00611382      0.0119484      0.0027447     0.00373285
    7.31     0.00600648      0.0117996     0.00268741     0.00366168
    7.32     0.00590102      0.0116527     0.00263131     0.00359186
    7.33     0.00579741      0.0115076     0.00257639     0.00352338
    7.34     0.00569563      0.0113643     0.00252261      0.0034562
    7.35     0.00559563      0.0112228     0.00246995      0.0033903
    7.36     0.00549738      0.0110831      0.0024184     0.00332566
    7.37     0.00540086      0.0109451     0.00236792     0.00326226
    7.38     0.00530604      0.0108088     0.00231849     0.00320006
    7.39     0.00521288      0.0106743      0.0022701     0.00313904
     7.4     0.00512136      0.0105413     0.00222271     0.00307919
    7.41     0.00503144      0.0104101     0.00217632     0.00302048
    7.42      0.0049431      0.0102805     0.00213089      0.0029629
    7.43     0.00485631      0.0101525     0.00208641      0.0029064
    7.44     0.00477105      0.0100261     0.00204286     0.00285099
    7.45     0.00468728     0.00990124     0.00200022     0.00279663
    7.46     0.00460499     0.00977796     0.00195847     0.00274331
    7.47     0.00452414     0.00965621     0.00191759     0.00269101
    7.48      0.0044447     0.00953599     0.00187756      0.0026397
    7.49     0.00436667     0.00941725     0.00183837     0.00258937
     7.5        0.00429         0.0093         0.0018        0.00254
    7.51     0.00421065     0.00917393     0.00174921     0.00249285
    7.52     0.00413277     0.00904956     0.00169984     0.00244658
    7.53     0.00405632     0.00892688     0.00165188     0.00240116
    7.54      0.0039813     0.00880587     0.00160526     0.00235659
    7.55     0.00390766     0.00868649     0.00155996     0.00231284
    7.56     0.00383538     0.00856874     0.00151594     0.00226991
    7.57     0.00376444     0.00845258     0.00147316     0.00222778
    7.58     0.00369481     0.00833799     0.00143159     0.00218642
    7.59     0.00362646     0.00822496      0.0013912     0.00214584
     7.6     0.00355939     0.00811346     0.00135194       0.002106
    7.61     0.00349355     0.00800347     0.00131379     0.00206691
    7.62     0.00342893     0.00789497     0.00127671     0.00202854
    7.63     0.00336551     0.00778794     0.00124069     0.00199089
    7.64     0.00330326     0.00768237     0.00120567     0.00195393
    7.65     0.00324216     0.00757822     0.00117165     0.00191766
    7.66     0.00318219     0.00747549     0.00113859     0.00188206
    7.67     0.00312333     0.00737415     0.00110646     0.00184713
    7.68     0.00306556     0.00727418     0.00107524     0.00181284
    7.69     0.00300886     0.00717557     0.00104489     0.00177919
     7.7      0.0029532      0.0070783     0.00101541     0.00174616
    7.71     0.00289858     0.00698234    0.000986754     0.00171375
    7.72     0.00284496     0.00688769    0.000958909     0.00168194
    7.73     0.00279234     0.00679432     0.00093185     0.00165071
    7.74     0.00274069     0.00670221    0.000905554     0.00162007
    7.75        0.00269     0.00661135        0.00088        0.00159
    7.76      0.0026176     0.00652173    0.000860324     0.00155352
    7.77     0.00254715     0.00643332    0.000841088     0.00151788
    7.78      0.0024786     0.00634611    0.000822283     0.00148305
    7.79     0.00241189     0.00626008    0.000803897     0.00144903
     7.8     0.00234698     0.00617521    0.000785923     0.00141578
    7.81     0.00228382      0.0060915    0.000768351      0.0013833
    7.82     0.00222235     0.00600892    0.000751172     0.00135156
    7.83     0.00216254     0.00592746    0.000734376     0.00132055
    7.84     0.00210434     0.00584711    0.000717956     0.00129025
    7.85      0.0020477     0.00576784    0.000701904     0.00126065
    7.86     0.00199259     0.00568965     0.00068621     0.00123173
    7.87     0.00193896     0.00561252    0.000670867     0.00120347
    7.88     0.00188678     0.00553644    0.000655867     0.00117585
    7.89       0.001836     0.00546138    0.000641203     0.00114888
     7.9     0.00178659     0.00538735    0.000626867     0.00112252
    7.91      0.0017385     0.00531431    0.000612851     0.00109676
    7.92     0.00169171     0.00524227    0.000599148      0.0010716
    7.93     0.00164619     0.00517121    0.000585752     0.00104701
    7.94     0.00160188      0.0051011    0.000572655     0.00102299
    7.95     0.00155877     0.00503195    0.000559851     0.00099952
    7.96     0.00151682     0.00496374    0.000547334    0.000976587
    7.97     0.00147599     0.00489645    0.000535096    0.000954181
    7.98     0.00143627     0.00483007    0.000523132    0.000932289
    7.99     0.00139761     0.00476459    0.000511435    0.000910899
       8        0.00136         0.0047         0.0005        0.00089
    8.01     0.00129669     0.00463629    0.000492917    0.000864956
    8.02     0.00123632     0.00457343    0.000485935    0.000840616
    8.03     0.00117877     0.00451144    0.000479051    0.000816961
    8.04     0.00112389     0.00445028    0.000472265    0.000793972
    8.05     0.00107157     0.00438995    0.000465575     0.00077163
    8.06     0.00102169     0.00433044     0.00045898    0.000749917
    8.07    0.000974124     0.00427173    0.000452478    0.000728815
    8.08    0.000928775     0.00421382    0.000446068    0.000708306
    8.09    0.000885537      0.0041567    0.000439749    0.000688374
     8.1    0.000844313     0.00410035     0.00043352    0.000669004
    8.11    0.000805007     0.00404476    0.000427379    0.000650178
    8.12    0.000767532     0.00398993    0.000421325    0.000631882
    8.13    0.000731801     0.00393584    0.000415356    0.000614102
    8.14    0.000697733     0.00388249    0.000409473    0.000596821
    8.15    0.000665251     0.00382985    0.000403672    0.000580027
    8.16    0.000634281     0.00377794    0.000397954    0.000563705
    8.17    0.000604754     0.00372672    0.000392317    0.000547842
    8.18      0.0005766      0.0036762    0.000386759    0.000532426
    8.19    0.000549758     0.00362637     0.00038128    0.000517444
     8.2    0.000524165      0.0035772    0.000375879    0.000502883
    8.21    0.000499763     0.00352871    0.000370555    0.000488732
    8.22    0.000476498     0.00348087    0.000365306     0.00047498
    8.23    0.000454315     0.00343369    0.000360131    0.000461614
    8.24    0.000433165     0.00338714    0.000355029    0.000448624
    8.25       0.000413     0.00334122        0.00035       0.000436
    8.26    0.000403926     0.00329593     0.00034356    0.000425353
    8.27    0.000395052     0.00325125    0.000337238    0.000414966
    8.28    0.000386372     0.00320717    0.000331032    0.000404833
    8.29    0.000377883     0.00316369    0.000324941    0.000394948
     8.3    0.000369581     0.00312081    0.000318962    0.000385303
    8.31    0.000361461      0.0030785    0.000313093    0.000375895
    8.32     0.00035352     0.00303677    0.000307332    0.000366716
    8.33    0.000345753      0.0029956    0.000301677    0.000357761
    8.34    0.000338156     0.00295499    0.000296125    0.000349024
    8.35    0.000330727     0.00291493    0.000290676    0.000340502
    8.36    0.000323461     0.00287542    0.000285328    0.000332187
    8.37    0.000316354     0.00283644    0.000280078    0.000324075
    8.38    0.000309403     0.00279798    0.000274924    0.000316161
    8.39    0.000302606     0.00276005    0.000269865    0.000308441
     8.4    0.000295957     0.00272264    0.000264899    0.000300909
    8.41    0.000289455     0.00268573    0.000260025    0.000293561
    8.42    0.000283095     0.00264932     0.00025524    0.000286393
    8.43    0.000276876      0.0026134    0.000250544    0.000279399
    8.44    0.000270793     0.00257798    0.000245933    0.000272576
    8.45    0.000264843     0.00254303    0.000241408     0.00026592
    8.46    0.000259024     0.00250855    0.000236966    0.000259427
    8.47    0.000253333     0.00247455    0.000232606    0.000253092
    8.48    0.000247768       0.002441    0.000228325    0.000246912
    8.49    0.000242324     0.00240791    0.000224124    0.000240882
     8.5       0.000237     0.00237527        0.00022       0.000235
    8.51    0.000231303     0.00234307    0.000215952    0.000228766
    8.52    0.000225744     0.00231131    0.000211978    0.000222698
    8.53    0.000220318     0.00227997    0.000208078    0.000216791
    8.54    0.000215022     0.00224906    0.000204249    0.000211041
    8.55    0.000209854     0.00221858     0.00020049    0.000205443
    8.56     0.00020481      0.0021885    0.000196801    0.000199993
    8.57    0.000199887     0.00215883     0.00019318    0.000194688
    8.58    0.000195082     0.00212957    0.000189625    0.000189524
    8.59    0.000190393      0.0021007    0.000186136    0.000184497
     8.6    0.000185817     0.00207222    0.000182711    0.000179603
    8.61     0.00018135     0.00204413    0.000179349    0.000174839
    8.62    0.000176991     0.00201642    0.000176049    0.000170201
    8.63    0.000172737     0.00198908    0.000172809    0.000165686
    8.64    0.000168585     0.00196212    0.000169629    0.000161291
    8.65    0.000164533     0.00193552    0.000166508    0.000157013
    8.66    0.000160578     0.00190928    0.000163444    0.000152848
    8.67    0.000156719      0.0018834    0.000160437    0.000148794
    8.68    0.000152952     0.00185786    0.000157485    0.000144847
    8.69    0.000149275     0.00183268    0.000154587    0.000141005
     8.7    0.000145687     0.00180783    0.000151742    0.000137265
    8.71    0.000142185     0.00178333     0.00014895    0.000133624
    8.72    0.000138768     0.00175915    0.000146209    0.000130079
    8.73    0.000135432      0.0017353    0.000143519    0.000126629
    8.74    0.000132177     0.00171178    0.000140878     0.00012327
    8.75       0.000129     0.00168857    0.000138286        0.00012
    8.76    0.000124765     0.00166568    0.000135741    0.000115584
    8.77     0.00012067      0.0016431    0.000133243    0.000111331
    8.78    0.000116708     0.00162083    0.000130792    0.000107234
    8.79    0.000112877     0.00159886    0.000128385    0.000103288
     8.8    0.000109172     0.00157718    0.000126023    9.94866e-05
    8.81    0.000105588      0.0015558    0.000123704    9.58255e-05
    8.82    0.000102122     0.00153471    0.000121427    9.22992e-05
    8.83    9.87691e-05      0.0015139    0.000119193    8.89026e-05
    8.84    9.55268e-05     0.00149338       0.000117     8.5631e-05
    8.85    9.23909e-05     0.00147314    0.000114847    8.24799e-05
    8.86    8.93579e-05     0.00145317    0.000112734    7.94446e-05
    8.87    8.64245e-05     0.00143347    0.000110659    7.65211e-05
    8.88    8.35874e-05     0.00141403    0.000108623    7.37052e-05
    8.89    8.08434e-05     0.00139487    0.000106624    7.09928e-05
     8.9    7.81895e-05     0.00137596    0.000104662    6.83803e-05
    8.91    7.56228e-05      0.0013573    0.000102736     6.5864e-05
    8.92    7.31403e-05      0.0013389    0.000100846    6.34402e-05
    8.93    7.07393e-05     0.00132075    9.89903e-05    6.11056e-05
    8.94    6.84171e-05     0.00130285    9.71688e-05     5.8857e-05
    8.95    6.61711e-05     0.00128519    9.53808e-05    5.66911e-05
    8.96    6.39989e-05     0.00126776    9.36257e-05    5.46048e-05
    8.97    6.18979e-05     0.00125058    9.19029e-05    5.25954e-05
    8.98     5.9866e-05     0.00123362    9.02118e-05    5.06599e-05
    8.99    5.79007e-05      0.0012169    8.85519e-05    4.87957e-05
       9        5.6e-05      0.0012004    8.69224e-05        4.7e-05
    9.01    5.39458e-05     0.00118413     8.5323e-05    4.52704e-05
    9.02    5.19669e-05     0.00116808     8.3753e-05    4.36045e-05
    9.03    5.00606e-05     0.00115224    8.22119e-05    4.19999e-05
    9.04    4.82243e-05     0.00113662    8.06991e-05    4.04543e-05
    9.05    4.64553e-05     0.00112122    7.92142e-05    3.89656e-05
    9.06    4.47512e-05     0.00110602    7.77566e-05    3.75317e-05
    9.07    4.31096e-05     0.00109102    7.63258e-05    3.61505e-05
    9.08    4.15282e-05     0.00107623    7.49213e-05    3.48202e-05
    9.09    4.00048e-05     0.00106164    7.35427e-05    3.35388e-05
     9.1    3.85374e-05     0.00104725    7.21895e-05    3.23046e-05
    9.11    3.71237e-05     0.00103305    7.08611e-05    3.11158e-05
    9.12    3.57619e-05     0.00101905    6.95572e-05    2.99708e-05
    9.13    3.44501e-05     0.00100523    6.82773e-05    2.88679e-05
    9.14    3.31863e-05    0.000991608    6.70209e-05    2.78055e-05
    9.15     3.1969e-05    0.000978165    6.57877e-05    2.67823e-05
    9.16    3.07963e-05    0.000964905    6.45772e-05    2.57967e-05
    9.17    2.96666e-05    0.000951824    6.33889e-05    2.48474e-05
    9.18    2.85783e-05    0.000938921    6.22225e-05     2.3933e-05
    9.19      2.753e-05    0.000926193    6.10775e-05    2.30523e-05
     9.2    2.65201e-05    0.000913637    5.99537e-05     2.2204e-05
    9.21    2.55473e-05    0.000901251    5.88505e-05    2.13869e-05
    9.22    2.46102e-05    0.000889034    5.77676e-05    2.05999e-05
    9.23    2.37074e-05    0.000876982    5.67046e-05    1.98418e-05
    9.24    2.28377e-05    0.000865093    5.56612e-05    1.91116e-05
    9.25        2.2e-05    0.000853366     5.4637e-05    1.84083e-05
    9.26    2.16058e-05    0.000841797    5.36316e-05    1.77309e-05
    9.27    2.12187e-05    0.000830385    5.26447e-05    1.70784e-05
    9.28    2.08385e-05    0.000819128     5.1676e-05    1.64499e-05
    9.29    2.04652e-05    0.000808024    5.07251e-05    1.58446e-05
     9.3    2.00985e-05     0.00079707    4.97918e-05    1.52615e-05
    9.31    1.97384e-05    0.000786265    4.88756e-05    1.46999e-05
    9.32    1.93847e-05    0.000775606    4.79762e-05     1.4159e-05
    9.33    1.90374e-05    0.000765092    4.70934e-05    1.36379e-05
    9.34    1.86963e-05     0.00075472    4.62268e-05     1.3136e-05
    9.35    1.83614e-05    0.000744489    4.53762e-05    1.26526e-05
    9.36    1.80324e-05    0.000734396    4.45413e-05     1.2187e-05
    9.37    1.77093e-05     0.00072444    4.37217e-05    1.17385e-05
    9.38     1.7392e-05     0.00071462    4.29172e-05    1.13066e-05
    9.39    1.70804e-05    0.000704932    4.21275e-05    1.08905e-05
     9.4    1.67744e-05    0.000695376    4.13523e-05    1.04897e-05
    9.41    1.64738e-05    0.000685949    4.05914e-05    1.01037e-05
    9.42    1.61787e-05     0.00067665    3.98444e-05     9.7319e-06
    9.43    1.58888e-05    0.000667477    3.91113e-05    9.37377e-06
    9.44    1.56041e-05    0.000658429    3.83916e-05    9.02882e-06
    9.45    1.53245e-05    0.000649503    3.76852e-05    8.69657e-06
    9.46      1.505e-05    0.000640698    3.69917e-05    8.37654e-06
    9.47    1.47803e-05    0.000632013     3.6311e-05    8.06828e-06
    9.48    1.45155e-05    0.000623445    3.56429e-05    7.77137e-06
    9.49    1.42554e-05    0.000614993     3.4987e-05    7.48539e-06
     9.5        1.4e-05    0.000606656    3.43432e-05    7.20993e-06
    9.51    1.37492e-05    0.000598432    3.37113e-05    6.94461e-06
    9.52    1.35028e-05     0.00059032     3.3091e-05    6.68905e-06
    9.53    1.32609e-05    0.000582317    3.24821e-05     6.4429e-06
    9.54    1.30233e-05    0.000574423    3.18844e-05     6.2058e-06
    9.55      1.279e-05    0.000566636    3.12977e-05    5.97743e-06
    9.56    1.25608e-05    0.000558954    3.07218e-05    5.75746e-06
    9.57    1.23357e-05    0.000551377    3.01565e-05    5.54559e-06
    9.58    1.21147e-05    0.000543902    2.96016e-05    5.34151e-06
    9.59    1.18977e-05    0.000536529    2.90569e-05    5.14495e-06
     9.6    1.16845e-05    0.000529256    2.85222e-05    4.95562e-06
    9.61    1.14752e-05    0.000522081    2.79974e-05    4.77325e-06
    9.62    1.12696e-05    0.000515003    2.74822e-05     4.5976e-06
    9.63    1.10676e-05    0.000508022    2.69765e-05    4.42841e-06
    9.64    1.08693e-05    0.000501135    2.64801e-05    4.26545e-06
    9.65    1.06746e-05    0.000494341    2.59929e-05    4.10848e-06
    9.66    1.04833e-05     0.00048764    2.55146e-05    3.95729e-06
    9.67    1.02955e-05    0.000481029    2.50451e-05    3.81166e-06
    9.68     1.0111e-05    0.000474508    2.45842e-05    3.67139e-06
    9.69    9.92988e-06    0.000468076    2.41319e-05    3.53629e-06
     9.7    9.75197e-06     0.00046173    2.36878e-05    3.40615e-06
    9.71    9.57724e-06    0.000455471    2.32519e-05    3.28081e-06
    9.72    9.40565e-06    0.000449297    2.28241e-05    3.16008e-06
    9.73    9.23713e-06    0.000443206    2.24041e-05    3.04379e-06
    9.74    9.07163e-06    0.000437198    2.19918e-05    2.93178e-06
    9.75    8.90909e-06    0.000431271    2.15872e-05    2.82389e-06
    9.76    8.74947e-06    0.000425424      2.119e-05    2.71997e-06
    9.77     8.5927e-06    0.000419657       2.08e-05    2.61988e-06
    9.78    8.43875e-06    0.000413968    2.04173e-05    2.52347e-06
    9.79    8.28755e-06    0.000408356    2.00416e-05     2.4306e-06
     9.8    8.13906e-06     0.00040282    1.96728e-05    2.34116e-06
    9.81    7.99324e-06     0.00039736    1.93108e-05    2.25501e-06
    9.82    7.85002e-06    0.000391973    1.89555e-05    2.17202e-06
    9.83    7.70937e-06    0.000386659    1.86067e-05    2.09209e-06
    9.84    7.57125e-06    0.000381418    1.82643e-05     2.0151e-06
    9.85    7.43559e-06    0.000376247    1.79282e-05    1.94095e-06
    9.86    7.30237e-06    0.000371146    1.75983e-05    1.86952e-06
    9.87    7.17153e-06    0.000366115    1.72745e-05    1.80073e-06
    9.88    7.04304e-06    0.000361152    1.69567e-05    1.73446e-06
    9.89    6.91685e-06    0.000356256    1.66446e-05    1.67063e-06
     9.9    6.79292e-06    0.000351427    1.63384e-05    1.60915e-06
    9.91    6.67121e-06    0.000346662    1.60377e-05    1.54994e-06
    9.92    6.55169e-06    0.000341963    1.57426e-05     1.4929e-06
    9.93     6.4343e-06    0.000337327    1.54529e-05    1.43796e-06
    9.94    6.31902e-06    0.000332754    1.51686e-05    1.38505e-06
    9.95     6.2058e-06    0.000328243    1.48895e-05    1.33408e-06
    9.96    6.09461e-06    0.000323794    1.46155e-05    1.28498e-06
    9.97    5.98541e-06    0.000319404    1.43466e-05     1.2377e-06
    9.98    5.87817e-06    0.000315074    1.40826e-05    1.19215e-06
    9.99    5.77285e-06    0.000310803    1.38234e-05    1.14828e-06
      10    5.66942e-06     0.00030659    1.35691e-05    1.10602e-06
   10.01    5.56784e-06    0.000302433    1.33194e-05    1.06532e-06
   10.02    5.46808e-06    0.000298334    1.30743e-05    1.02612e-06
   10.03    5.37011e-06    0.000294289    1.28337e-05    9.88358e-07
   10.04     5.2739e-06      0.0002903    1.25976e-05    9.51987e-07
   10.05     5.1794e-06    0.000286364    1.23658e-05    9.16954e-07
   10.06    5.08661e-06    0.000282482    1.21382e-05    8.83211e-07
   10.07    4.99547e-06    0.000278653    1.19149e-05    8.50709e-07
   10.08    4.90597e-06    0.000274875    1.16956e-05    8.19403e-07
   10.09    4.81807e-06    0.000271149    1.14804e-05    7.89249e-07
    10.1    4.73174e-06    0.000267473    1.12692e-05    7.60205e-07
   10.11    4.64696e-06    0.000263847    1.10618e-05     7.3223e-07
   10.12     4.5637e-06    0.000260271    1.08583e-05    7.05284e-07
   10.13    4.48193e-06    0.000256742    1.06585e-05     6.7933e-07
   10.14    4.40163e-06    0.000253262    1.04623e-05    6.54331e-07
   10.15    4.32277e-06    0.000249828    1.02698e-05    6.30252e-07
   10.16    4.24532e-06    0.000246442    1.00809e-05    6.07059e-07
   10.17    4.16925e-06    0.000243101    9.89536e-06     5.8472e-07
   10.18    4.09455e-06    0.000239805    9.71328e-06    5.63202e-07
   10.19    4.02119e-06    0.000236554    9.53455e-06    5.42477e-07
    10.2    3.94914e-06    0.000233348     9.3591e-06    5.22514e-07
   10.21    3.87839e-06    0.000230184    9.18689e-06    5.03285e-07
   10.22     3.8089e-06    0.000227064    9.01784e-06    4.84765e-07
   10.23    3.74066e-06    0.000223986    8.85191e-06    4.66925e-07
   10.24    3.67363e-06    0.000220949    8.68902e-06    4.49743e-07
   10.25    3.60781e-06    0.000217954    8.52914e-06    4.33192e-07
   10.26    3.54317e-06    0.000214999    8.37219e-06    4.17251e-07
   10.27    3.47969e-06    0.000212085    8.21814e-06    4.01897e-07
   10.28    3.41734e-06     0.00020921    8.06692e-06    3.87107e-07
   10.29    3.35612e-06    0.000206374    7.91848e-06    3.72862e-07
    10.3    3.29598e-06    0.000203576    7.77277e-06     3.5914e-07
   10.31    3.23693e-06    0.000200816    7.62975e-06    3.45924e-07
   10.32    3.17893e-06    0.000198094    7.48936e-06    3.33194e-07
   10.33    3.12198e-06    0.000195408    7.35154e-06    3.20933e-07
   10.34    3.06604e-06    0.000192759    7.21627e-06    3.09123e-07
   10.35    3.01111e-06    0.000190146    7.08349e-06    2.97747e-07
   10.36    2.95716e-06    0.000187569    6.95314e-06     2.8679e-07
   10.37    2.90417e-06    0.000185026     6.8252e-06    2.76236e-07
   10.38    2.85214e-06    0.000182518    6.69961e-06    2.66071e-07
   10.39    2.80104e-06    0.000180043    6.57633e-06     2.5628e-07
    10.4    2.75085e-06    0.000177603    6.45532e-06    2.46849e-07
   10.41    2.70157e-06    0.000175195    6.33654e-06    2.37765e-07
   10.42    2.65316e-06     0.00017282    6.21994e-06    2.29015e-07
   10.43    2.60563e-06    0.000170477    6.10549e-06    2.20587e-07
   10.44    2.55894e-06    0.000168166    5.99314e-06     2.1247e-07
   10.45    2.51309e-06    0.000165886    5.88286e-06    2.04651e-07
   10.46    2.46807e-06    0.000163638    5.77461e-06     1.9712e-07
   10.47    2.42384e-06    0.000161419    5.66836e-06    1.89866e-07
   10.48    2.38042e-06    0.000159231    5.56405e-06    1.82879e-07
   10.49    2.33777e-06    0.000157072    5.46167e-06    1.76149e-07
    10.5    2.29588e-06    0.000154943    5.36117e-06    1.69667e-07
   10.51    2.25475e-06    0.000152843    5.26252e-06    1.63423e-07
   10.52    2.21435e-06    0.000150771    5.16569e-06    1.57409e-07
   10.53    2.17467e-06    0.000148727    5.07063e-06    1.51617e-07
   10.54    2.13571e-06    0.000146711    4.97733e-06    1.46037e-07
   10.55    2.09744e-06    0.000144722    4.88574e-06    1.40663e-07
   10.56    2.05986e-06     0.00014276    4.79584e-06    1.35487e-07
   10.57    2.02296e-06    0.000140825    4.70759e-06    1.30501e-07
   10.58    1.98671e-06    0.000138916    4.62097e-06    1.25699e-07
   10.59    1.95112e-06    0.000137032    4.53594e-06    1.21073e-07
    10.6    1.91616e-06    0.000135175    4.45248e-06    1.16618e-07
   10.61    1.88183e-06    0.000133342    4.37055e-06    1.12326e-07
   10.62    1.84811e-06    0.000131535    4.29013e-06    1.08193e-07
   10.63      1.815e-06    0.000129751    4.21118e-06    1.04211e-07
   10.64    1.78248e-06    0.000127993    4.13369e-06    1.00376e-07
   10.65    1.75054e-06    0.000126257    4.05763e-06    9.66824e-08
   10.66    1.71918e-06    0.000124546    3.98297e-06    9.31245e-08
   10.67    1.68838e-06    0.000122857    3.90968e-06    8.96976e-08
   10.68    1.65813e-06    0.000121192    3.83774e-06    8.63968e-08
   10.69    1.62842e-06    0.000119549    3.76712e-06    8.32174e-08
    10.7    1.59924e-06    0.000117928     3.6978e-06     8.0155e-08
   10.71    1.57059e-06     0.00011633    3.62976e-06    7.72054e-08
   10.72    1.54245e-06    0.000114753    3.56297e-06    7.43642e-08
   10.73    1.51481e-06    0.000113197    3.49741e-06    7.16277e-08
   10.74    1.48767e-06    0.000111663    3.43305e-06    6.89918e-08
   10.75    1.46102e-06    0.000110149    3.36988e-06    6.64529e-08
   10.76    1.43484e-06    0.000108656    3.30787e-06    6.40075e-08
   10.77    1.40913e-06    0.000107183      3.247e-06     6.1652e-08
   10.78    1.38388e-06     0.00010573    3.18726e-06    5.93833e-08
   10.79    1.35909e-06    0.000104296    3.12861e-06     5.7198e-08
    10.8    1.33474e-06    0.000102882    3.07104e-06    5.50931e-08
   10.81    1.31082e-06    0.000101488    3.01453e-06    5.30657e-08
   10.82    1.28734e-06    0.000100112    2.95906e-06    5.11129e-08
   10.83    1.26427e-06    9.87548e-05    2.90461e-06     4.9232e-08
   10.84    1.24162e-06    9.74161e-05    2.85116e-06    4.74203e-08
   10.85    1.21937e-06    9.60955e-05     2.7987e-06    4.56752e-08
   10.86    1.19753e-06    9.47928e-05     2.7472e-06    4.39944e-08
   10.87    1.17607e-06    9.35077e-05    2.69665e-06    4.23754e-08
   10.88      1.155e-06    9.22401e-05    2.64703e-06     4.0816e-08
   10.89     1.1343e-06    9.09897e-05    2.59832e-06     3.9314e-08
    10.9    1.11398e-06    8.97562e-05    2.55051e-06    3.78673e-08
   10.91    1.09402e-06    8.85394e-05    2.50358e-06    3.64738e-08
   10.92    1.07442e-06    8.73391e-05    2.45751e-06    3.51316e-08
   10.93    1.05517e-06    8.61551e-05    2.41229e-06    3.38387e-08
   10.94    1.03627e-06    8.49872e-05     2.3679e-06    3.25935e-08
   10.95     1.0177e-06    8.38351e-05    2.32433e-06    3.13941e-08
   10.96    9.99464e-07    8.26986e-05    2.28156e-06    3.02388e-08
   10.97    9.81557e-07    8.15775e-05    2.23958e-06     2.9126e-08
   10.98     9.6397e-07    8.04716e-05    2.19837e-06    2.80542e-08
   10.99    9.46699e-07    7.93807e-05    2.15792e-06    2.70218e-08
      11    9.29737e-07    7.83046e-05    2.11821e-06    2.60274e-08
   11.01    9.13079e-07    7.72431e-05    2.07923e-06    2.50696e-08
   11.02    8.96719e-07     7.6196e-05    2.04097e-06    2.41471e-08
   11.03    8.80653e-07     7.5163e-05    2.00342e-06    2.32584e-08
   11.04    8.64874e-07    7.41441e-05    1.96655e-06    2.24025e-08
   11.05    8.49378e-07     7.3139e-05    1.93037e-06    2.15781e-08
   11.06     8.3416e-07    7.21475e-05    1.89485e-06    2.07841e-08
   11.07    8.19215e-07    7.11694e-05    1.85998e-06    2.00192e-08
   11.08    8.04537e-07    7.02046e-05    1.82576e-06    1.92825e-08
   11.09    7.90122e-07    6.92529e-05    1.79216e-06    1.85729e-08
    11.1    7.75965e-07    6.83141e-05    1.75918e-06    1.78895e-08
   11.11    7.62062e-07     6.7388e-05    1.72681e-06    1.72311e-08
   11.12    7.48409e-07    6.64745e-05    1.69504e-06     1.6597e-08
   11.13    7.34999e-07    6.55733e-05    1.66385e-06    1.59863e-08
   11.14     7.2183e-07    6.46844e-05    1.63323e-06     1.5398e-08
   11.15    7.08897e-07    6.38075e-05    1.60318e-06    1.48314e-08
   11.16    6.96196e-07    6.29425e-05    1.57368e-06    1.42856e-08
   11.17    6.83722e-07    6.20892e-05    1.54472e-06    1.37599e-08
   11.18    6.71472e-07    6.12475e-05     1.5163e-06    1.32535e-08
   11.19    6.59441e-07    6.04173e-05     1.4884e-06    1.27658e-08
    11.2    6.47626e-07    5.95982e-05    1.46101e-06     1.2296e-08
   11.21    6.36023e-07    5.87903e-05    1.43412e-06    1.18435e-08
   11.22    6.24627e-07    5.79933e-05    1.40774e-06    1.14077e-08
   11.23    6.13436e-07    5.72071e-05    1.38183e-06    1.09879e-08
   11.24    6.02445e-07    5.64316e-05    1.35641e-06    1.05835e-08
   11.25    5.91651e-07    5.56666e-05    1.33145e-06    1.01941e-08
   11.26     5.8105e-07     5.4912e-05    1.30695e-06    9.81893e-09
   11.27     5.7064e-07    5.41676e-05     1.2829e-06    9.45759e-09
   11.28    5.60416e-07    5.34333e-05    1.25929e-06    9.10956e-09
   11.29    5.50375e-07    5.27089e-05    1.23612e-06    8.77433e-09
    11.3    5.40514e-07    5.19944e-05    1.21337e-06    8.45144e-09
   11.31    5.30829e-07    5.12895e-05    1.19105e-06    8.14043e-09
   11.32    5.21318e-07    5.05942e-05    1.16913e-06    7.84087e-09
   11.33    5.11978e-07    4.99083e-05    1.14762e-06    7.55233e-09
   11.34    5.02805e-07    4.92318e-05     1.1265e-06     7.2744e-09
   11.35    4.93796e-07    4.85644e-05    1.10577e-06    7.00671e-09
   11.36    4.84949e-07     4.7906e-05    1.08542e-06    6.74886e-09
   11.37     4.7626e-07    4.72566e-05    1.06545e-06    6.50051e-09
   11.38    4.67727e-07     4.6616e-05    1.04585e-06    6.26129e-09
   11.39    4.59347e-07     4.5984e-05     1.0266e-06    6.03088e-09
    11.4    4.51117e-07    4.53606e-05    1.00771e-06    5.80895e-09
   11.41    4.43034e-07    4.47457e-05    9.89169e-07    5.59518e-09
   11.42    4.35096e-07    4.41391e-05    9.70968e-07    5.38928e-09
   11.43      4.273e-07    4.35408e-05    9.53101e-07    5.19096e-09
   11.44    4.19645e-07    4.29505e-05    9.35563e-07    4.99993e-09
   11.45    4.12126e-07    4.23683e-05    9.18348e-07    4.81594e-09
   11.46    4.04742e-07    4.17939e-05     9.0145e-07    4.63871e-09
   11.47     3.9749e-07    4.12273e-05    8.84862e-07    4.46801e-09
   11.48    3.90368e-07    4.06685e-05     8.6858e-07    4.30359e-09
   11.49    3.83374e-07    4.01171e-05    8.52598e-07    4.14522e-09
    11.5    3.76505e-07    3.95733e-05    8.36909e-07    3.99268e-09
   11.51    3.69759e-07    3.90368e-05    8.21509e-07    3.84575e-09
   11.52    3.63134e-07    3.85076e-05    8.06393e-07    3.70422e-09
   11.53    3.56628e-07    3.79856e-05    7.91555e-07    3.56791e-09
   11.54    3.50238e-07    3.74707e-05    7.76989e-07    3.43661e-09
   11.55    3.43963e-07    3.69627e-05    7.62692e-07    3.31015e-09
   11.56      3.378e-07    3.64616e-05    7.48658e-07    3.18834e-09
   11.57    3.31748e-07    3.59673e-05    7.34882e-07    3.07101e-09
   11.58    3.25804e-07    3.54798e-05     7.2136e-07    2.95799e-09
   11.59    3.19967e-07    3.49988e-05    7.08086e-07    2.84914e-09
    11.6    3.14234e-07    3.45243e-05    6.95057e-07    2.74429e-09
   11.61    3.08604e-07    3.40563e-05    6.82267e-07    2.64331e-09
   11.62    3.03075e-07    3.35946e-05    6.69713e-07    2.54603e-09
   11.63    2.97644e-07    3.31392e-05    6.57389e-07    2.45234e-09
   11.64    2.92311e-07      3.269e-05    6.45293e-07    2.36209e-09
   11.65    2.87074e-07    3.22468e-05    6.33419e-07    2.27517e-09
   11.66    2.81931e-07    3.18097e-05    6.21764e-07    2.19145e-09
   11.67    2.76879e-07    3.13784e-05    6.10323e-07     2.1108e-09
   11.68    2.71918e-07    3.09531e-05    5.99092e-07    2.03312e-09
   11.69    2.67047e-07    3.05335e-05    5.88068e-07    1.95831e-09
    11.7    2.62262e-07    3.01195e-05    5.77247e-07    1.88624e-09
   11.71    2.57563e-07    2.97112e-05    5.66626e-07    1.81683e-09
   11.72    2.52948e-07    2.93084e-05    5.56199e-07    1.74997e-09
   11.73    2.48416e-07    2.89111e-05    5.45965e-07    1.68557e-09
   11.74    2.43965e-07    2.85192e-05    5.35919e-07    1.62354e-09
   11.75    2.39594e-07    2.81326e-05    5.26057e-07     1.5638e-09
   11.76    2.35301e-07    2.77512e-05    5.16377e-07    1.50625e-09
   11.77    2.31085e-07     2.7375e-05    5.06876e-07    1.45082e-09
   11.78    2.26945e-07    2.70039e-05    4.97549e-07    1.39743e-09
   11.79    2.22879e-07    2.66378e-05    4.88393e-07    1.34601e-09
    11.8    2.18886e-07    2.62767e-05    4.79406e-07    1.29647e-09
   11.81    2.14964e-07    2.59205e-05    4.70585e-07    1.24876e-09
   11.82    2.11112e-07    2.55691e-05    4.61926e-07    1.20281e-09
   11.83     2.0733e-07    2.52225e-05    4.53426e-07    1.15855e-09
   11.84    2.03615e-07    2.48806e-05    4.45083e-07    1.11591e-09
   11.85    1.99967e-07    2.45433e-05    4.36893e-07    1.07485e-09
   11.86    1.96384e-07    2.42106e-05    4.28854e-07    1.03529e-09
   11.87    1.92866e-07    2.38824e-05    4.20962e-07    9.97196e-10
   11.88     1.8941e-07    2.35586e-05    4.13216e-07      9.605e-10
   11.89    1.86016e-07    2.32392e-05    4.05613e-07    9.25154e-10
    11.9    1.82684e-07    2.29242e-05    3.98149e-07    8.91108e-10
   11.91     1.7941e-07    2.26134e-05    3.90823e-07    8.58316e-10
   11.92    1.76196e-07    2.23069e-05    3.83631e-07     8.2673e-10
   11.93    1.73039e-07    2.20045e-05    3.76572e-07    7.96307e-10
   11.94    1.69939e-07    2.17062e-05    3.69643e-07    7.67003e-10
   11.95    1.66894e-07    2.14119e-05    3.62841e-07    7.38778e-10
   11.96    1.63904e-07    2.11217e-05    3.56165e-07    7.11591e-10
   11.97    1.60967e-07    2.08353e-05    3.49611e-07    6.85405e-10
   11.98    1.58083e-07    2.05529e-05    3.43178e-07    6.60182e-10
   11.99    1.55251e-07    2.02743e-05    3.36863e-07    6.35888e-10
      12    1.52469e-07    1.99994e-05    3.30665e-07    6.12487e-10
   12.01    1.49737e-07    1.97283e-05     3.2458e-07    5.89948e-10
   12.02    1.47054e-07    1.94608e-05    3.18607e-07    5.68238e-10
   12.03     1.4442e-07     1.9197e-05    3.12745e-07    5.47327e-10
   12.04    1.41832e-07    1.89368e-05     3.0699e-07    5.27186e-10
   12.05    1.39291e-07    1.86801e-05    3.01341e-07    5.07786e-10
   12.06    1.36795e-07    1.84268e-05    2.95796e-07    4.89099e-10
   12.07    1.34344e-07     1.8177e-05    2.90353e-07    4.71101e-10
   12.08    1.31937e-07    1.79306e-05    2.85011e-07    4.53765e-10
   12.09    1.29573e-07    1.76876e-05    2.79766e-07    4.37066e-10
    12.1    1.27252e-07    1.74478e-05    2.74618e-07    4.20982e-10
   12.11    1.24972e-07    1.72113e-05    2.69565e-07     4.0549e-10
   12.12    1.22733e-07    1.69779e-05    2.64605e-07    3.90568e-10
   12.13    1.20534e-07    1.67478e-05    2.59736e-07    3.76196e-10
   12.14    1.18374e-07    1.65207e-05    2.54957e-07    3.62352e-10
   12.15    1.16253e-07    1.62968e-05    2.50265e-07    3.49017e-10
   12.16     1.1417e-07    1.60758e-05     2.4566e-07    3.36174e-10
   12.17    1.12125e-07    1.58579e-05     2.4114e-07    3.23803e-10
   12.18    1.10116e-07    1.56429e-05    2.36703e-07    3.11887e-10
   12.19    1.08143e-07    1.54309e-05    2.32347e-07     3.0041e-10
    12.2    1.06205e-07    1.52217e-05    2.28072e-07    2.89355e-10
   12.21    1.04302e-07    1.50153e-05    2.23875e-07    2.78707e-10
   12.22    1.02434e-07    1.48118e-05    2.19755e-07     2.6845e-10
   12.23    1.00598e-07     1.4611e-05    2.15712e-07    2.58571e-10
   12.24    9.87959e-08    1.44129e-05    2.11743e-07    2.49056e-10
   12.25    9.70257e-08    1.42175e-05    2.07846e-07    2.39891e-10
   12.26    9.52873e-08    1.40248e-05    2.04022e-07    2.31063e-10
   12.27    9.35801e-08    1.38347e-05    2.00268e-07     2.2256e-10
   12.28    9.19034e-08    1.36471e-05    1.96582e-07     2.1437e-10
   12.29    9.02568e-08    1.34621e-05    1.92965e-07    2.06481e-10
    12.3    8.86396e-08    1.32796e-05    1.89414e-07    1.98883e-10
   12.31    8.70515e-08    1.30996e-05    1.85929e-07    1.91564e-10
   12.32    8.54918e-08     1.2922e-05    1.82508e-07    1.84514e-10
   12.33      8.396e-08    1.27469e-05     1.7915e-07    1.77724e-10
   12.34    8.24557e-08    1.25741e-05    1.75853e-07    1.71184e-10
   12.35    8.09784e-08    1.24036e-05    1.72617e-07    1.64885e-10
   12.36    7.95275e-08    1.22354e-05    1.69441e-07    1.58817e-10
   12.37    7.81026e-08    1.20696e-05    1.66323e-07    1.52973e-10
   12.38    7.67032e-08     1.1906e-05    1.63263e-07    1.47343e-10
   12.39     7.5329e-08    1.17446e-05    1.60258e-07    1.41921e-10
    12.4    7.39793e-08    1.15853e-05     1.5731e-07    1.36699e-10
   12.41    7.26538e-08    1.14283e-05    1.54415e-07    1.31668e-10
   12.42    7.13521e-08    1.12734e-05    1.51574e-07    1.26823e-10
   12.43    7.00737e-08    1.11205e-05    1.48784e-07    1.22156e-10
   12.44    6.88182e-08    1.09698e-05    1.46047e-07     1.1766e-10
   12.45    6.75851e-08    1.08211e-05    1.43359e-07    1.13331e-10
   12.46    6.63742e-08    1.06744e-05    1.40721e-07     1.0916e-10
   12.47     6.5185e-08    1.05297e-05    1.38132e-07    1.05143e-10
   12.48    6.40171e-08    1.03869e-05     1.3559e-07    1.01274e-10
   12.49    6.28701e-08    1.02461e-05    1.33095e-07     9.7547e-11
    12.5    6.17436e-08    1.01072e-05    1.30646e-07    9.39573e-11
   12.51    6.06374e-08    9.97021e-06    1.28242e-07    9.04997e-11
   12.52     5.9551e-08    9.83505e-06    1.25882e-07    8.71693e-11
   12.53     5.8484e-08    9.70172e-06    1.23566e-07    8.39615e-11
   12.54    5.74361e-08     9.5702e-06    1.21292e-07    8.08718e-11
   12.55     5.6407e-08    9.44047e-06    1.19061e-07    7.78957e-11
   12.56    5.53964e-08    9.31249e-06     1.1687e-07    7.50292e-11
   12.57    5.44039e-08    9.18625e-06    1.14719e-07    7.22682e-11
   12.58    5.34291e-08    9.06172e-06    1.12608e-07    6.96087e-11
   12.59    5.24718e-08    8.93887e-06    1.10536e-07    6.70472e-11
    12.6    5.15317e-08    8.81769e-06    1.08502e-07    6.45799e-11
   12.61    5.06084e-08    8.69816e-06    1.06506e-07    6.22033e-11
   12.62    4.97017e-08    8.58024e-06    1.04546e-07    5.99143e-11
   12.63    4.88112e-08    8.46393e-06    1.02622e-07    5.77095e-11
   12.64    4.79366e-08    8.34919e-06    1.00734e-07    5.55858e-11
   12.65    4.70777e-08      8.236e-06    9.88803e-08    5.35402e-11
   12.66    4.62342e-08    8.12435e-06    9.70608e-08      5.157e-11
   12.67    4.54059e-08    8.01422e-06    9.52748e-08    4.96722e-11
   12.68    4.45923e-08    7.90557e-06    9.35217e-08    4.78443e-11
   12.69    4.37934e-08     7.7984e-06    9.18008e-08    4.60837e-11
    12.7    4.30087e-08    7.69269e-06    9.01116e-08    4.43878e-11
   12.71    4.22381e-08     7.5884e-06    8.84534e-08    4.27544e-11
   12.72    4.14814e-08    7.48553e-06    8.68258e-08     4.1181e-11
   12.73    4.07381e-08    7.38405e-06    8.52282e-08    3.96656e-11
   12.74    4.00082e-08    7.28395e-06    8.36599e-08    3.82059e-11
   12.75    3.92914e-08    7.18521e-06    8.21205e-08    3.67999e-11
   12.76    3.85874e-08    7.08781e-06    8.06094e-08    3.54457e-11
   12.77    3.78961e-08    6.99172e-06    7.91261e-08    3.41413e-11
   12.78    3.72171e-08    6.89694e-06    7.76701e-08    3.28849e-11
   12.79    3.65503e-08    6.80344e-06    7.62409e-08    3.16748e-11
    12.8    3.58954e-08    6.71121e-06     7.4838e-08    3.05092e-11
   12.81    3.52523e-08    6.62023e-06     7.3461e-08    2.93864e-11
   12.82    3.46206e-08    6.53049e-06    7.21092e-08     2.8305e-11
   12.83    3.40003e-08    6.44196e-06    7.07824e-08    2.72634e-11
   12.84    3.33912e-08    6.35463e-06    6.94799e-08    2.62601e-11
   12.85    3.27929e-08    6.26848e-06    6.82014e-08    2.52938e-11
   12.86    3.22053e-08    6.18351e-06    6.69464e-08     2.4363e-11
   12.87    3.16283e-08    6.09968e-06    6.57146e-08    2.34664e-11
   12.88    3.10616e-08    6.01699e-06    6.45054e-08    2.26029e-11
   12.89    3.05051e-08    5.93542e-06    6.33184e-08    2.17711e-11
    12.9    2.99586e-08    5.85496e-06    6.21533e-08    2.09699e-11
   12.91    2.94218e-08    5.77559e-06    6.10096e-08    2.01982e-11
   12.92    2.88946e-08    5.69729e-06     5.9887e-08     1.9455e-11
   12.93    2.83769e-08    5.62006e-06     5.8785e-08     1.8739e-11
   12.94    2.78685e-08    5.54387e-06    5.77033e-08    1.80494e-11
   12.95    2.73692e-08    5.46872e-06    5.66416e-08    1.73852e-11
   12.96    2.68788e-08    5.39458e-06    5.55993e-08    1.67455e-11
   12.97    2.63972e-08    5.32145e-06    5.45762e-08    1.61292e-11
   12.98    2.59243e-08    5.24931e-06     5.3572e-08    1.55357e-11
   12.99    2.54598e-08    5.17815e-06    5.25862e-08     1.4964e-11
      13    2.50036e-08    5.10795e-06    5.16186e-08    1.44133e-11
