#updated Neutrino IBD cross-section from Wei Wang
# in 0.01 MeV binning from 1.8 - 13 MeV.
# Enu[MeV], [per cm2 per proton]
# 1.807   1.50079e-45
  1.80    0
  1.81    3.1162e-45
  1.82   6.01344e-45
  1.83   8.07046e-45
  1.84   9.83545e-45
  1.85   1.14494e-44
  1.86   1.29734e-44
  1.87   1.44401e-44
  1.88   1.58693e-44
  1.89   1.72739e-44
   1.9   1.86628e-44
  1.91   2.00425e-44
  1.92   2.14178e-44
  1.93   2.27925e-44
  1.94   2.41694e-44
  1.95   2.55509e-44
  1.96   2.69388e-44
  1.97   2.83347e-44
  1.98   2.97398e-44
  1.99   3.11553e-44
     2   3.25821e-44
  2.01   3.40209e-44
  2.02   3.54724e-44
  2.03   3.69372e-44
  2.04   3.84157e-44
  2.05   3.99086e-44
  2.06    4.1416e-44
  2.07   4.29384e-44
  2.08    4.4476e-44
  2.09   4.60293e-44
   2.1   4.75983e-44
  2.11   4.91833e-44
  2.12   5.07845e-44
  2.13    5.2402e-44
  2.14   5.40361e-44
  2.15   5.56869e-44
  2.16   5.73545e-44
  2.17   5.90391e-44
  2.18   6.07406e-44
  2.19   6.24593e-44
   2.2   6.41953e-44
  2.21   6.59485e-44
  2.22   6.77192e-44
  2.23   6.95073e-44
  2.24   7.13129e-44
  2.25   7.31361e-44
  2.26   7.49769e-44
  2.27   7.68355e-44
  2.28   7.87118e-44
  2.29   8.06058e-44
   2.3   8.25177e-44
  2.31   8.44474e-44
  2.32    8.6395e-44
  2.33   8.83606e-44
  2.34   9.03441e-44
  2.35   9.23456e-44
  2.36   9.43651e-44
  2.37   9.64026e-44
  2.38   9.84582e-44
  2.39   1.00532e-43
   2.4   1.02624e-43
  2.41   1.04734e-43
  2.42   1.06862e-43
  2.43   1.09008e-43
  2.44   1.11172e-43
  2.45   1.13354e-43
  2.46   1.15555e-43
  2.47   1.17774e-43
  2.48   1.20011e-43
  2.49   1.22266e-43
   2.5    1.2454e-43
  2.51   1.26832e-43
  2.52   1.29142e-43
  2.53    1.3147e-43
  2.54   1.33816e-43
  2.55   1.36181e-43
  2.56   1.38564e-43
  2.57   1.40965e-43
  2.58   1.43385e-43
  2.59   1.45823e-43
   2.6   1.48279e-43
  2.61   1.50753e-43
  2.62   1.53246e-43
  2.63   1.55757e-43
  2.64   1.58287e-43
  2.65   1.60834e-43
  2.66     1.634e-43
  2.67   1.65984e-43
  2.68   1.68587e-43
  2.69   1.71208e-43
   2.7   1.73847e-43
  2.71   1.76505e-43
  2.72    1.7918e-43
  2.73   1.81875e-43
  2.74   1.84587e-43
  2.75   1.87318e-43
  2.76   1.90067e-43
  2.77   1.92834e-43
  2.78    1.9562e-43
  2.79   1.98424e-43
   2.8   2.01246e-43
  2.81   2.04087e-43
  2.82   2.06946e-43
  2.83   2.09823e-43
  2.84   2.12718e-43
  2.85   2.15632e-43
  2.86   2.18564e-43
  2.87   2.21515e-43
  2.88   2.24484e-43
  2.89   2.27471e-43
   2.9   2.30476e-43
  2.91     2.335e-43
  2.92   2.36542e-43
  2.93   2.39602e-43
  2.94    2.4268e-43
  2.95   2.45777e-43
  2.96   2.48892e-43
  2.97   2.52025e-43
  2.98   2.55177e-43
  2.99   2.58347e-43
     3   2.61535e-43
  3.01   2.64742e-43
  3.02   2.67966e-43
  3.03   2.71209e-43
  3.04   2.74471e-43
  3.05    2.7775e-43
  3.06   2.81048e-43
  3.07   2.84364e-43
  3.08   2.87698e-43
  3.09   2.91051e-43
   3.1   2.94421e-43
  3.11    2.9781e-43
  3.12   3.01218e-43
  3.13   3.04643e-43
  3.14   3.08087e-43
  3.15   3.11549e-43
  3.16   3.15029e-43
  3.17   3.18527e-43
  3.18   3.22044e-43
  3.19   3.25579e-43
   3.2   3.29132e-43
  3.21   3.32703e-43
  3.22   3.36292e-43
  3.23     3.399e-43
  3.24   3.43526e-43
  3.25    3.4717e-43
  3.26   3.50832e-43
  3.27   3.54512e-43
  3.28   3.58211e-43
  3.29   3.61928e-43
   3.3   3.65663e-43
  3.31   3.69416e-43
  3.32   3.73187e-43
  3.33   3.76976e-43
  3.34   3.80784e-43
  3.35    3.8461e-43
  3.36   3.88454e-43
  3.37   3.92316e-43
  3.38   3.96196e-43
  3.39   4.00094e-43
   3.4   4.04011e-43
  3.41   4.07945e-43
  3.42   4.11898e-43
  3.43   4.15869e-43
  3.44   4.19858e-43
  3.45   4.23865e-43
  3.46    4.2789e-43
  3.47   4.31934e-43
  3.48   4.35995e-43
  3.49   4.40075e-43
   3.5   4.44172e-43
  3.51   4.48288e-43
  3.52   4.52422e-43
  3.53   4.56574e-43
  3.54   4.60744e-43
  3.55   4.64932e-43
  3.56   4.69138e-43
  3.57   4.73362e-43
  3.58   4.77605e-43
  3.59   4.81865e-43
   3.6   4.86143e-43
  3.61    4.9044e-43
  3.62   4.94754e-43
  3.63   4.99087e-43
  3.64   5.03438e-43
  3.65   5.07806e-43
  3.66   5.12193e-43
  3.67   5.16598e-43
  3.68    5.2102e-43
  3.69   5.25461e-43
   3.7    5.2992e-43
  3.71   5.34397e-43
  3.72   5.38891e-43
  3.73   5.43404e-43
  3.74   5.47935e-43
  3.75   5.52484e-43
  3.76   5.57051e-43
  3.77   5.61635e-43
  3.78   5.66238e-43
  3.79   5.70859e-43
   3.8   5.75498e-43
  3.81   5.80154e-43
  3.82   5.84829e-43
  3.83   5.89522e-43
  3.84   5.94232e-43
  3.85   5.98961e-43
  3.86   6.03707e-43
  3.87   6.08472e-43
  3.88   6.13254e-43
  3.89   6.18055e-43
   3.9   6.22873e-43
  3.91   6.27709e-43
  3.92   6.32563e-43
  3.93   6.37435e-43
  3.94   6.42325e-43
  3.95   6.47233e-43
  3.96   6.52159e-43
  3.97   6.57103e-43
  3.98   6.62064e-43
  3.99   6.67044e-43
     4   6.72041e-43
  4.01   6.77056e-43
  4.02   6.82089e-43
  4.03    6.8714e-43
  4.04   6.92209e-43
  4.05   6.97296e-43
  4.06   7.02401e-43
  4.07   7.07523e-43
  4.08   7.12664e-43
  4.09   7.17822e-43
   4.1   7.22998e-43
  4.11   7.28192e-43
  4.12   7.33403e-43
  4.13   7.38633e-43
  4.14    7.4388e-43
  4.15   7.49146e-43
  4.16   7.54429e-43
  4.17    7.5973e-43
  4.18   7.65048e-43
  4.19   7.70385e-43
   4.2   7.75739e-43
  4.21   7.81111e-43
  4.22   7.86501e-43
  4.23   7.91909e-43
  4.24   7.97334e-43
  4.25   8.02778e-43
  4.26   8.08239e-43
  4.27   8.13718e-43
  4.28   8.19214e-43
  4.29   8.24729e-43
   4.3   8.30261e-43
  4.31   8.35811e-43
  4.32   8.41378e-43
  4.33   8.46964e-43
  4.34   8.52567e-43
  4.35   8.58188e-43
  4.36   8.63826e-43
  4.37   8.69483e-43
  4.38   8.75157e-43
  4.39   8.80849e-43
   4.4   8.86558e-43
  4.41   8.92285e-43
  4.42    8.9803e-43
  4.43   9.03793e-43
  4.44   9.09573e-43
  4.45   9.15371e-43
  4.46   9.21187e-43
  4.47   9.27021e-43
  4.48   9.32872e-43
  4.49   9.38741e-43
   4.5   9.44627e-43
  4.51   9.50531e-43
  4.52   9.56453e-43
  4.53   9.62393e-43
  4.54    9.6835e-43
  4.55   9.74325e-43
  4.56   9.80317e-43
  4.57   9.86327e-43
  4.58   9.92355e-43
  4.59     9.984e-43
   4.6   1.00446e-42
  4.61   1.01054e-42
  4.62   1.01664e-42
  4.63   1.02276e-42
  4.64   1.02889e-42
  4.65   1.03504e-42
  4.66   1.04121e-42
  4.67    1.0474e-42
  4.68    1.0536e-42
  4.69   1.05982e-42
   4.7   1.06606e-42
  4.71   1.07232e-42
  4.72   1.07859e-42
  4.73   1.08489e-42
  4.74   1.09119e-42
  4.75   1.09752e-42
  4.76   1.10387e-42
  4.77   1.11023e-42
  4.78   1.11661e-42
  4.79   1.12301e-42
   4.8   1.12942e-42
  4.81   1.13585e-42
  4.82    1.1423e-42
  4.83   1.14877e-42
  4.84   1.15525e-42
  4.85   1.16176e-42
  4.86   1.16828e-42
  4.87   1.17481e-42
  4.88   1.18137e-42
  4.89   1.18794e-42
   4.9   1.19453e-42
  4.91   1.20114e-42
  4.92   1.20776e-42
  4.93   1.21441e-42
  4.94   1.22107e-42
  4.95   1.22774e-42
  4.96   1.23444e-42
  4.97   1.24115e-42
  4.98   1.24788e-42
  4.99   1.25463e-42
     5   1.26139e-42
  5.01   1.26818e-42
  5.02   1.27498e-42
  5.03   1.28179e-42
  5.04   1.28863e-42
  5.05   1.29548e-42
  5.06   1.30235e-42
  5.07   1.30924e-42
  5.08   1.31614e-42
  5.09   1.32306e-42
   5.1      1.33e-42
  5.11   1.33696e-42
  5.12   1.34393e-42
  5.13   1.35092e-42
  5.14   1.35793e-42
  5.15   1.36496e-42
  5.16     1.372e-42
  5.17   1.37906e-42
  5.18   1.38614e-42
  5.19   1.39324e-42
   5.2   1.40035e-42
  5.21   1.40748e-42
  5.22   1.41463e-42
  5.23   1.42179e-42
  5.24   1.42897e-42
  5.25   1.43617e-42
  5.26   1.44339e-42
  5.27   1.45063e-42
  5.28   1.45788e-42
  5.29   1.46515e-42
   5.3   1.47243e-42
  5.31   1.47974e-42
  5.32   1.48706e-42
  5.33    1.4944e-42
  5.34   1.50175e-42
  5.35   1.50912e-42
  5.36   1.51652e-42
  5.37   1.52392e-42
  5.38   1.53135e-42
  5.39   1.53879e-42
   5.4   1.54625e-42
  5.41   1.55373e-42
  5.42   1.56122e-42
  5.43   1.56873e-42
  5.44   1.57626e-42
  5.45   1.58381e-42
  5.46   1.59137e-42
  5.47   1.59895e-42
  5.48   1.60655e-42
  5.49   1.61416e-42
   5.5   1.62179e-42
  5.51   1.62944e-42
  5.52   1.63711e-42
  5.53   1.64479e-42
  5.54    1.6525e-42
  5.55   1.66021e-42
  5.56   1.66795e-42
  5.57    1.6757e-42
  5.58   1.68347e-42
  5.59   1.69126e-42
   5.6   1.69906e-42
  5.61   1.70688e-42
  5.62   1.71472e-42
  5.63   1.72258e-42
  5.64   1.73045e-42
  5.65   1.73834e-42
  5.66   1.74625e-42
  5.67   1.75417e-42
  5.68   1.76212e-42
  5.69   1.77007e-42
   5.7   1.77805e-42
  5.71   1.78604e-42
  5.72   1.79405e-42
  5.73   1.80208e-42
  5.74   1.81013e-42
  5.75   1.81819e-42
  5.76   1.82627e-42
  5.77   1.83436e-42
  5.78   1.84247e-42
  5.79    1.8506e-42
   5.8   1.85875e-42
  5.81   1.86692e-42
  5.82    1.8751e-42
  5.83    1.8833e-42
  5.84   1.89151e-42
  5.85   1.89974e-42
  5.86   1.90799e-42
  5.87   1.91626e-42
  5.88   1.92455e-42
  5.89   1.93285e-42
   5.9   1.94116e-42
  5.91    1.9495e-42
  5.92   1.95785e-42
  5.93   1.96622e-42
  5.94   1.97461e-42
  5.95   1.98301e-42
  5.96   1.99143e-42
  5.97   1.99987e-42
  5.98   2.00832e-42
  5.99   2.01679e-42
     6   2.02528e-42
  6.01   2.03379e-42
  6.02   2.04231e-42
  6.03   2.05085e-42
  6.04   2.05941e-42
  6.05   2.06798e-42
  6.06   2.07657e-42
  6.07   2.08518e-42
  6.08    2.0938e-42
  6.09   2.10244e-42
   6.1    2.1111e-42
  6.11   2.11978e-42
  6.12   2.12847e-42
  6.13   2.13718e-42
  6.14   2.14591e-42
  6.15   2.15465e-42
  6.16   2.16341e-42
  6.17   2.17219e-42
  6.18   2.18098e-42
  6.19   2.18979e-42
   6.2   2.19862e-42
  6.21   2.20747e-42
  6.22   2.21633e-42
  6.23   2.22521e-42
  6.24    2.2341e-42
  6.25   2.24301e-42
  6.26   2.25194e-42
  6.27   2.26089e-42
  6.28   2.26985e-42
  6.29   2.27883e-42
   6.3   2.28783e-42
  6.31   2.29684e-42
  6.32   2.30587e-42
  6.33   2.31492e-42
  6.34   2.32399e-42
  6.35   2.33307e-42
  6.36   2.34217e-42
  6.37   2.35128e-42
  6.38   2.36041e-42
  6.39   2.36956e-42
   6.4   2.37873e-42
  6.41   2.38791e-42
  6.42   2.39711e-42
  6.43   2.40633e-42
  6.44   2.41556e-42
  6.45   2.42481e-42
  6.46   2.43408e-42
  6.47   2.44336e-42
  6.48   2.45266e-42
  6.49   2.46198e-42
   6.5   2.47131e-42
  6.51   2.48066e-42
  6.52   2.49003e-42
  6.53   2.49941e-42
  6.54   2.50881e-42
  6.55   2.51823e-42
  6.56   2.52767e-42
  6.57   2.53712e-42
  6.58   2.54659e-42
  6.59   2.55607e-42
   6.6   2.56557e-42
  6.61   2.57509e-42
  6.62   2.58463e-42
  6.63   2.59418e-42
  6.64   2.60375e-42
  6.65   2.61333e-42
  6.66   2.62293e-42
  6.67   2.63255e-42
  6.68   2.64219e-42
  6.69   2.65184e-42
   6.7   2.66151e-42
  6.71    2.6712e-42
  6.72    2.6809e-42
  6.73   2.69062e-42
  6.74   2.70035e-42
  6.75   2.71011e-42
  6.76   2.71987e-42
  6.77   2.72966e-42
  6.78   2.73946e-42
  6.79   2.74928e-42
   6.8   2.75912e-42
  6.81   2.76897e-42
  6.82   2.77884e-42
  6.83   2.78873e-42
  6.84   2.79863e-42
  6.85   2.80855e-42
  6.86   2.81848e-42
  6.87   2.82844e-42
  6.88    2.8384e-42
  6.89   2.84839e-42
   6.9   2.85839e-42
  6.91   2.86841e-42
  6.92   2.87845e-42
  6.93    2.8885e-42
  6.94   2.89857e-42
  6.95   2.90865e-42
  6.96   2.91875e-42
  6.97   2.92887e-42
  6.98   2.93901e-42
  6.99   2.94916e-42
     7   2.95933e-42
  7.01   2.96951e-42
  7.02   2.97971e-42
  7.03   2.98993e-42
  7.04   3.00017e-42
  7.05   3.01042e-42
  7.06   3.02069e-42
  7.07   3.03097e-42
  7.08   3.04127e-42
  7.09   3.05159e-42
   7.1   3.06192e-42
  7.11   3.07227e-42
  7.12   3.08264e-42
  7.13   3.09302e-42
  7.14   3.10342e-42
  7.15   3.11384e-42
  7.16   3.12427e-42
  7.17   3.13472e-42
  7.18   3.14519e-42
  7.19   3.15567e-42
   7.2   3.16617e-42
  7.21   3.17669e-42
  7.22   3.18722e-42
  7.23   3.19777e-42
  7.24   3.20833e-42
  7.25   3.21891e-42
  7.26   3.22951e-42
  7.27   3.24012e-42
  7.28   3.25076e-42
  7.29    3.2614e-42
   7.3   3.27207e-42
  7.31   3.28275e-42
  7.32   3.29344e-42
  7.33   3.30416e-42
  7.34   3.31489e-42
  7.35   3.32563e-42
  7.36   3.33639e-42
  7.37   3.34717e-42
  7.38   3.35797e-42
  7.39   3.36878e-42
   7.4   3.37961e-42
  7.41   3.39045e-42
  7.42   3.40131e-42
  7.43   3.41219e-42
  7.44   3.42308e-42
  7.45   3.43399e-42
  7.46   3.44492e-42
  7.47   3.45586e-42
  7.48   3.46682e-42
  7.49    3.4778e-42
   7.5   3.48879e-42
  7.51    3.4998e-42
  7.52   3.51082e-42
  7.53   3.52186e-42
  7.54   3.53292e-42
  7.55   3.54399e-42
  7.56   3.55508e-42
  7.57   3.56619e-42
  7.58   3.57731e-42
  7.59   3.58845e-42
   7.6    3.5996e-42
  7.61   3.61078e-42
  7.62   3.62196e-42
  7.63   3.63317e-42
  7.64   3.64439e-42
  7.65   3.65562e-42
  7.66   3.66688e-42
  7.67   3.67815e-42
  7.68   3.68943e-42
  7.69   3.70073e-42
   7.7   3.71205e-42
  7.71   3.72339e-42
  7.72   3.73474e-42
  7.73    3.7461e-42
  7.74   3.75749e-42
  7.75   3.76889e-42
  7.76    3.7803e-42
  7.77   3.79173e-42
  7.78   3.80318e-42
  7.79   3.81465e-42
   7.8   3.82613e-42
  7.81   3.83762e-42
  7.82   3.84914e-42
  7.83   3.86066e-42
  7.84   3.87221e-42
  7.85   3.88377e-42
  7.86   3.89535e-42
  7.87   3.90694e-42
  7.88   3.91855e-42
  7.89   3.93018e-42
   7.9   3.94182e-42
  7.91   3.95348e-42
  7.92   3.96516e-42
  7.93   3.97685e-42
  7.94   3.98855e-42
  7.95   4.00028e-42
  7.96   4.01202e-42
  7.97   4.02377e-42
  7.98   4.03555e-42
  7.99   4.04733e-42
     8   4.05914e-42
  8.01   4.07096e-42
  8.02   4.08279e-42
  8.03   4.09465e-42
  8.04   4.10652e-42
  8.05    4.1184e-42
  8.06    4.1303e-42
  8.07   4.14222e-42
  8.08   4.15415e-42
  8.09    4.1661e-42
   8.1   4.17807e-42
  8.11   4.19005e-42
  8.12   4.20205e-42
  8.13   4.21406e-42
  8.14   4.22609e-42
  8.15   4.23813e-42
  8.16    4.2502e-42
  8.17   4.26227e-42
  8.18   4.27437e-42
  8.19   4.28648e-42
   8.2    4.2986e-42
  8.21   4.31075e-42
  8.22   4.32291e-42
  8.23   4.33508e-42
  8.24   4.34727e-42
  8.25   4.35948e-42
  8.26    4.3717e-42
  8.27   4.38394e-42
  8.28   4.39619e-42
  8.29   4.40846e-42
   8.3   4.42075e-42
  8.31   4.43305e-42
  8.32   4.44537e-42
  8.33    4.4577e-42
  8.34   4.47005e-42
  8.35   4.48242e-42
  8.36    4.4948e-42
  8.37    4.5072e-42
  8.38   4.51961e-42
  8.39   4.53205e-42
   8.4   4.54449e-42
  8.41   4.55695e-42
  8.42   4.56943e-42
  8.43   4.58193e-42
  8.44   4.59444e-42
  8.45   4.60696e-42
  8.46    4.6195e-42
  8.47   4.63206e-42
  8.48   4.64464e-42
  8.49   4.65723e-42
   8.5   4.66983e-42
  8.51   4.68245e-42
  8.52   4.69509e-42
  8.53   4.70774e-42
  8.54   4.72041e-42
  8.55    4.7331e-42
  8.56    4.7458e-42
  8.57   4.75852e-42
  8.58   4.77125e-42
  8.59     4.784e-42
   8.6   4.79676e-42
  8.61   4.80954e-42
  8.62   4.82234e-42
  8.63   4.83515e-42
  8.64   4.84798e-42
  8.65   4.86082e-42
  8.66   4.87368e-42
  8.67   4.88656e-42
  8.68   4.89945e-42
  8.69   4.91236e-42
   8.7   4.92528e-42
  8.71   4.93822e-42
  8.72   4.95118e-42
  8.73   4.96415e-42
  8.74   4.97713e-42
  8.75   4.99014e-42
  8.76   5.00315e-42
  8.77   5.01619e-42
  8.78   5.02924e-42
  8.79    5.0423e-42
   8.8   5.05538e-42
  8.81   5.06848e-42
  8.82   5.08159e-42
  8.83   5.09472e-42
  8.84   5.10787e-42
  8.85   5.12103e-42
  8.86    5.1342e-42
  8.87   5.14739e-42
  8.88    5.1606e-42
  8.89   5.17383e-42
   8.9   5.18706e-42
  8.91   5.20032e-42
  8.92   5.21359e-42
  8.93   5.22688e-42
  8.94   5.24018e-42
  8.95   5.25349e-42
  8.96   5.26683e-42
  8.97   5.28018e-42
  8.98   5.29354e-42
  8.99   5.30692e-42
     9   5.32032e-42
  9.01   5.33373e-42
  9.02   5.34716e-42
  9.03    5.3606e-42
  9.04   5.37406e-42
  9.05   5.38754e-42
  9.06   5.40103e-42
  9.07   5.41453e-42
  9.08   5.42805e-42
  9.09   5.44159e-42
   9.1   5.45514e-42
  9.11   5.46871e-42
  9.12    5.4823e-42
  9.13    5.4959e-42
  9.14   5.50951e-42
  9.15   5.52314e-42
  9.16   5.53679e-42
  9.17   5.55045e-42
  9.18   5.56413e-42
  9.19   5.57782e-42
   9.2   5.59153e-42
  9.21   5.60526e-42
  9.22     5.619e-42
  9.23   5.63275e-42
  9.24   5.64653e-42
  9.25   5.66031e-42
  9.26   5.67412e-42
  9.27   5.68794e-42
  9.28   5.70177e-42
  9.29   5.71562e-42
   9.3   5.72948e-42
  9.31   5.74337e-42
  9.32   5.75726e-42
  9.33   5.77117e-42
  9.34    5.7851e-42
  9.35   5.79904e-42
  9.36     5.813e-42
  9.37   5.82698e-42
  9.38   5.84097e-42
  9.39   5.85497e-42
   9.4   5.86899e-42
  9.41   5.88303e-42
  9.42   5.89708e-42
  9.43   5.91115e-42
  9.44   5.92523e-42
  9.45   5.93933e-42
  9.46   5.95344e-42
  9.47   5.96757e-42
  9.48   5.98172e-42
  9.49   5.99588e-42
   9.5   6.01005e-42
  9.51   6.02424e-42
  9.52   6.03845e-42
  9.53   6.05267e-42
  9.54   6.06691e-42
  9.55   6.08116e-42
  9.56   6.09543e-42
  9.57   6.10972e-42
  9.58   6.12401e-42
  9.59   6.13833e-42
   9.6   6.15266e-42
  9.61   6.16701e-42
  9.62   6.18137e-42
  9.63   6.19574e-42
  9.64   6.21014e-42
  9.65   6.22454e-42
  9.66   6.23897e-42
  9.67    6.2534e-42
  9.68   6.26786e-42
  9.69   6.28233e-42
   9.7   6.29681e-42
  9.71   6.31131e-42
  9.72   6.32583e-42
  9.73   6.34036e-42
  9.74    6.3549e-42
  9.75   6.36946e-42
  9.76   6.38404e-42
  9.77   6.39863e-42
  9.78   6.41324e-42
  9.79   6.42786e-42
   9.8    6.4425e-42
  9.81   6.45715e-42
  9.82   6.47182e-42
  9.83   6.48651e-42
  9.84   6.50121e-42
  9.85   6.51592e-42
  9.86   6.53065e-42
  9.87    6.5454e-42
  9.88   6.56016e-42
  9.89   6.57494e-42
   9.9   6.58973e-42
  9.91   6.60453e-42
  9.92   6.61936e-42
  9.93   6.63419e-42
  9.94   6.64905e-42
  9.95   6.66391e-42
  9.96    6.6788e-42
  9.97   6.69369e-42
  9.98   6.70861e-42
  9.99   6.72354e-42
    10   6.73848e-42
 10.01   6.75344e-42
 10.02   6.76842e-42
 10.03   6.78341e-42
 10.04   6.79841e-42
 10.05   6.81343e-42
 10.06   6.82847e-42
 10.07   6.84352e-42
 10.08   6.85859e-42
 10.09   6.87367e-42
  10.1   6.88876e-42
 10.11   6.90388e-42
 10.12     6.919e-42
 10.13   6.93414e-42
 10.14    6.9493e-42
 10.15   6.96447e-42
 10.16   6.97966e-42
 10.17   6.99487e-42
 10.18   7.01008e-42
 10.19   7.02532e-42
  10.2   7.04057e-42
 10.21   7.05583e-42
 10.22   7.07111e-42
 10.23    7.0864e-42
 10.24   7.10171e-42
 10.25   7.11704e-42
 10.26   7.13238e-42
 10.27   7.14773e-42
 10.28    7.1631e-42
 10.29   7.17849e-42
  10.3   7.19389e-42
 10.31    7.2093e-42
 10.32   7.22473e-42
 10.33   7.24018e-42
 10.34   7.25564e-42
 10.35   7.27111e-42
 10.36   7.28661e-42
 10.37   7.30211e-42
 10.38   7.31763e-42
 10.39   7.33317e-42
  10.4   7.34872e-42
 10.41   7.36429e-42
 10.42   7.37987e-42
 10.43   7.39546e-42
 10.44   7.41108e-42
 10.45    7.4267e-42
 10.46   7.44234e-42
 10.47     7.458e-42
 10.48   7.47367e-42
 10.49   7.48936e-42
  10.5   7.50506e-42
 10.51   7.52078e-42
 10.52   7.53651e-42
 10.53   7.55226e-42
 10.54   7.56802e-42
 10.55    7.5838e-42
 10.56   7.59959e-42
 10.57    7.6154e-42
 10.58   7.63122e-42
 10.59   7.64705e-42
  10.6   7.66291e-42
 10.61   7.67877e-42
 10.62   7.69466e-42
 10.63   7.71055e-42
 10.64   7.72646e-42
 10.65   7.74239e-42
 10.66   7.75833e-42
 10.67   7.77429e-42
 10.68   7.79026e-42
 10.69   7.80625e-42
  10.7   7.82225e-42
 10.71   7.83827e-42
 10.72    7.8543e-42
 10.73   7.87035e-42
 10.74   7.88641e-42
 10.75   7.90248e-42
 10.76   7.91858e-42
 10.77   7.93468e-42
 10.78    7.9508e-42
 10.79   7.96694e-42
  10.8   7.98309e-42
 10.81   7.99926e-42
 10.82   8.01544e-42
 10.83   8.03163e-42
 10.84   8.04785e-42
 10.85   8.06407e-42
 10.86   8.08031e-42
 10.87   8.09657e-42
 10.88   8.11284e-42
 10.89   8.12912e-42
  10.9   8.14542e-42
 10.91   8.16174e-42
 10.92   8.17807e-42
 10.93   8.19441e-42
 10.94   8.21077e-42
 10.95   8.22715e-42
 10.96   8.24354e-42
 10.97   8.25994e-42
 10.98   8.27636e-42
 10.99   8.29279e-42
    11   8.30924e-42
 11.01    8.3257e-42
 11.02   8.34218e-42
 11.03   8.35868e-42
 11.04   8.37518e-42
 11.05   8.39171e-42
 11.06   8.40824e-42
 11.07    8.4248e-42
 11.08   8.44136e-42
 11.09   8.45794e-42
  11.1   8.47454e-42
 11.11   8.49115e-42
 11.12   8.50778e-42
 11.13   8.52442e-42
 11.14   8.54107e-42
 11.15   8.55774e-42
 11.16   8.57443e-42
 11.17   8.59113e-42
 11.18   8.60784e-42
 11.19   8.62457e-42
  11.2   8.64132e-42
 11.21   8.65808e-42
 11.22   8.67485e-42
 11.23   8.69164e-42
 11.24   8.70844e-42
 11.25   8.72526e-42
 11.26   8.74209e-42
 11.27   8.75894e-42
 11.28    8.7758e-42
 11.29   8.79268e-42
  11.3   8.80957e-42
 11.31   8.82648e-42
 11.32    8.8434e-42
 11.33   8.86033e-42
 11.34   8.87728e-42
 11.35   8.89425e-42
 11.36   8.91123e-42
 11.37   8.92822e-42
 11.38   8.94523e-42
 11.39   8.96225e-42
  11.4   8.97929e-42
 11.41   8.99634e-42
 11.42   9.01341e-42
 11.43   9.03049e-42
 11.44   9.04759e-42
 11.45    9.0647e-42
 11.46   9.08182e-42
 11.47   9.09896e-42
 11.48   9.11612e-42
 11.49   9.13329e-42
  11.5   9.15047e-42
 11.51   9.16767e-42
 11.52   9.18489e-42
 11.53   9.20211e-42
 11.54   9.21936e-42
 11.55   9.23661e-42
 11.56   9.25389e-42
 11.57   9.27117e-42
 11.58   9.28847e-42
 11.59   9.30579e-42
  11.6   9.32312e-42
 11.61   9.34046e-42
 11.62   9.35782e-42
 11.63    9.3752e-42
 11.64   9.39258e-42
 11.65   9.40999e-42
 11.66    9.4274e-42
 11.67   9.44484e-42
 11.68   9.46228e-42
 11.69   9.47974e-42
  11.7   9.49722e-42
 11.71   9.51471e-42
 11.72   9.53221e-42
 11.73   9.54973e-42
 11.74   9.56727e-42
 11.75   9.58481e-42
 11.76   9.60238e-42
 11.77   9.61995e-42
 11.78   9.63754e-42
 11.79   9.65515e-42
  11.8   9.67277e-42
 11.81   9.69041e-42
 11.82   9.70806e-42
 11.83   9.72572e-42
 11.84    9.7434e-42
 11.85   9.76109e-42
 11.86    9.7788e-42
 11.87   9.79652e-42
 11.88   9.81425e-42
 11.89   9.83201e-42
  11.9   9.84977e-42
 11.91   9.86755e-42
 11.92   9.88534e-42
 11.93   9.90315e-42
 11.94   9.92097e-42
 11.95   9.93881e-42
 11.96   9.95666e-42
 11.97   9.97453e-42
 11.98   9.99241e-42
 11.99   1.00103e-41
    12   1.00282e-41
