1.85	3.3922	0.805	1.995	1.676	0.774	2.2914
1.9	3.3635	0.8	1.973	1.667	0.77	2.2727
1.95	3.3145	0.794	1.933	1.656	0.764	2.2343
2	3.2637	0.781	1.902	1.632	0.754	2.2041
2.05	3.204	0.768	1.8656	1.6042	0.743	2.1679
2.1	3.1415	0.754	1.8274	1.5748	0.731	2.1289
2.15	3.0512	0.738	1.7671	1.5383	0.716	2.0653
2.2	2.9468	0.719	1.7006	1.493	0.7002	1.9914
2.25	2.8634	0.6982	1.6522	1.4513	0.6821	1.9401
2.3	2.598	0.6157	1.4987	1.31	0.6286	1.8346
2.35	2.4958	0.5916	1.4392	1.2588	0.6058	1.7684
2.4	2.3951	0.5688	1.3811	1.2096	0.5828	1.6977
2.45	2.2482	0.5373	1.3016	1.1429	0.5536	1.6016
2.5	2.1367	0.5199	1.2377	1.0959	0.5336	1.5194
2.55	2.0509	0.5005	1.1863	1.0515	0.5108	1.4538
2.6	1.961	0.4801	1.1329	1.0048	0.4868	1.3855
2.65	1.8661	0.4585	1.0766	0.9556	0.4618	1.3137
2.7	1.7669	0.4361	1.0179	0.9046	0.4357	1.2386
2.75	1.664	0.4127	0.9569	0.8516	0.409	1.1611
2.8	1.5585	0.3887	0.8948	0.7972	0.3816	1.082
2.85	1.4511	0.364	0.8318	0.7416	0.3538	1.0018
2.9	1.3412	0.3393	0.7657	0.687	0.326	0.9188
2.95	1.2343	0.3145	0.7031	0.6319	0.2986	0.8399
3	0.8465	0.2396	0.4731	0.4318	0.1982	0.5232
3.05	0.5683	0.1825	0.3097	0.2888	0.1276	0.3039
3.1	0.5171	0.1662	0.2818	0.2628	0.116	0.2766
3.15	0.4806	0.1544	0.2619	0.2441	0.1077	0.2571
3.2	0.4435	0.1425	0.2416	0.2253	0.0993	0.2373
3.25	0.4062	0.1305	0.2213	0.2063	0.0908	0.2173
3.3	0.3688	0.1184	0.2009	0.1872	0.0824	0.1973
3.35	0.3315	0.1064	0.1806	0.1682	0.0739	0.1773
3.4	0.2948	0.0946	0.1605	0.1496	0.0656	0.1578
3.45	0.2594	0.0832	0.1412	0.1315	0.0577	0.1388
3.5	0.2265	0.0727	0.1234	0.1148	0.0503	0.1212
3.55	0.0632	0.0204	0.0348	0.032	0.0141	0.0341
3.6	0.0005	0.0002	0.0009	0.0001	0.0003	0.0006
3.65	0.0004	0.0003	0.0006	0.0002	0.0003	0.0004
3.7	0.0004	0.0003	0.0005	0.0002	0.0002	0.0003
3.75	0.0003	0.0002	0.0004	0.0002	0.0002	0.0002
3.8	0.0003	0.0002	0.0004	0.0001	0.0002	0.0002
3.85	0.0003	0.0002	0.0002	0.0001	0.0001	0.0002
3.9	0.0002	0.0001	0.0002	0	0.0001	0.0002
3.95	0.0001	0.0001	0	0	0.0001	0
4	0.0001	0.0001	0	0	0	0
4.05	0.0001	0.0001	0	0	0	0
4.1	0	0.0001	-0.0001	0	0	0
4.15	0.0001	0.0001	0	0	0	0
4.2	0.0001	0.0001	-0.0001	0	0.0001	0
4.25	0	0.0001	0	0	0.0001	0
4.3	0.0001	0.0001	0	0	0	-0.0001
4.35	0	0	0	0	0.0001	-0.0001
4.4	0.0001	0.0001	-0.0001	0	0.0001	0
4.45	0.0001	0.0001	0	0	0	0
4.5	0.0001	0.0001	-0.0001	0	0.0001	-2e-05
4.55	6e-05	0	0	-0.0001	0.0001	-2e-05
4.6	6e-05	0.0001	-0.0001	0	0.0001	-2e-05
4.65	5e-05	0.0001	0	0	0.0001	-2e-05
4.7	5e-05	0.0001	0	0	0	-1e-05
4.75	4e-05	0	-5e-05	-2e-05	0.0001	-1e-05
4.8	5e-05	0.0001	-4e-05	-1e-05	0.0001	-2e-05
4.85	5e-05	0.0001	-4e-05	-1e-05	4e-05	-1e-05
4.9	5e-05	6e-05	-4e-05	-2e-05	3e-05	-2e-05
4.95	4e-05	5e-05	-3e-05	-1e-05	4e-05	-1e-05
5	4e-05	4e-05	-4e-05	-2e-05	3e-05	-1e-05
5.05	4e-05	5e-05	-3e-05	-1e-05	3e-05	-2e-05
5.1	4e-05	5e-05	-3e-05	-1e-05	3e-05	-2e-05
5.15	4e-05	5e-05	-3e-05	-2e-05	3e-05	-1e-05
5.2	3e-05	4e-05	-3e-05	-1e-05	3e-05	-1e-05
5.25	3e-05	4e-05	-3e-05	-1e-05	3e-05	-1e-05
5.3	3e-05	4e-05	-3e-05	-1e-05	3e-05	-1e-05
5.35	3e-05	4e-05	-2e-05	-1e-05	2e-05	-1e-05
5.4	3e-05	3e-05	-2e-05	-1e-05	3e-05	-1e-05
5.45	3e-05	3e-05	-3e-05	-1e-05	2e-05	-1e-05
5.5	2e-05	2e-05	-2e-05	-1e-05	2e-05	-1e-05
5.55	3e-05	3e-05	-2e-05	0	2e-05	-1e-05
5.6	2e-05	3e-05	-2e-05	0	2e-05	-1e-05
5.65	2e-05	2e-05	-2e-05	0	2e-05	-1e-05
5.7	3e-05	3e-05	-2e-05	-1e-05	2e-05	-1e-05
5.75	2e-05	2e-05	-2e-05	-1e-05	2e-05	-1e-05
5.8	2e-05	2e-05	-2e-05	-1e-05	2e-05	-1e-05
5.85	2e-05	2e-05	-2e-05	-1e-05	1e-05	-1e-05
5.9	2e-05	2e-05	-1e-05	0	1e-05	-1e-05
5.95	2e-05	2e-05	-2e-05	-1e-05	2e-05	-1e-05
6	2e-05	2e-05	-2e-05	0	2e-05	0
6.05	2e-05	2e-05	-1e-05	0	1e-05	0
6.1	2e-05	2e-05	-1e-05	0	1e-05	-1e-05
6.15	1e-05	2e-05	-1e-05	0	1e-05	0
6.2	2e-05	2e-05	-2e-05	-1e-05	1e-05	0
6.25	2e-05	1e-05	-2e-05	-1e-05	1e-05	-1e-05
6.3	2e-05	1e-05	-1e-05	-1e-05	2e-05	0
6.35	1e-05	1e-05	-1e-05	0	1e-05	-1e-05
6.4	2e-05	2e-05	-1e-05	0	1e-05	0
6.45	1e-05	2e-05	-1e-05	-1e-05	1e-05	-1e-05
6.5	1e-05	2e-05	-1e-05	0	1e-05	-1e-05
6.55	1e-05	1e-05	-1e-05	0	1e-05	0
6.6	1e-05	1e-05	-1e-05	0	1e-05	-3e-06
6.65	9e-06	1e-05	-1e-05	-1e-05	1e-05	-3e-06
6.7	9e-06	1e-05	-1e-05	0	0	-3e-06
6.75	9e-06	1e-05	0	0	1e-05	-3e-06
6.8	8e-06	1e-05	0	0	0	-3e-06
6.85	7e-06	1e-05	-6e-06	-2e-06	0	-3e-06
6.9	7e-06	0	-6e-06	-2e-06	5e-06	-2e-06
6.95	7e-06	7e-06	-5e-06	-2e-06	5e-06	-2e-06
7	6e-06	6e-06	-5e-06	-2e-06	5e-06	-2e-06
7.05	5e-06	6e-06	-5e-06	-1e-06	4e-06	-2e-06
7.1	5e-06	6e-06	-3e-06	-1e-06	4e-06	-1e-06
7.15	4e-06	5e-06	-4e-06	-1e-06	4e-06	-2e-06
7.2	4e-06	5e-06	-3e-06	-1e-06	3e-06	-2e-06
7.25	4e-06	4e-06	-3e-06	-2e-06	3e-06	-1e-06
7.3	4e-06	4e-06	-3e-06	-1e-06	2e-06	-1e-06
7.35	4e-06	4e-06	-3e-06	-1e-06	3e-06	-1e-06
7.4	3e-06	3e-06	-2e-06	-1e-06	3e-06	-1e-06
7.45	3e-06	3e-06	-2e-06	0	3e-06	-1e-06
7.5	2e-06	3e-06	-2e-06	-1e-06	2e-06	-1e-06
7.55	3e-06	3e-06	-2e-06	-1e-06	2e-06	-1e-06
7.6	3e-06	3e-06	-2e-06	-1e-06	2e-06	-1e-06
7.65	3e-06	2e-06	-1e-06	-1e-06	1e-06	-1e-06
7.7	2e-06	2e-06	-2e-06	-1e-06	2e-06	0
7.75	2e-06	3e-06	-2e-06	0	2e-06	-1e-06
7.8	2e-06	2e-06	-2e-06	0	1e-06	-1e-06
7.85	1e-06	1e-06	-1e-06	0	1e-06	-1e-06
7.9	1e-06	2e-06	-1e-06	0	1e-06	-1e-06
7.95	1e-06	2e-06	-1e-06	-1e-06	1e-06	-4e-07
8	1e-06	1e-06	-1e-06	0	0	-4e-07
8.05	8e-07	1e-06	-7e-07	-2e-07	7e-07	-3e-07
8.1	8e-07	8e-07	-5e-07	-3e-07	5e-07	-3e-07
8.15	6e-07	7e-07	-4e-07	-2e-07	4e-07	-3e-07
8.2	6e-07	6e-07	-4e-07	-1e-07	4e-07	-2e-07
8.25	5e-07	5e-07	-4e-07	-1e-07	3e-07	-2e-07
8.3	4e-07	4e-07	-3e-07	-1e-07	3e-07	-2e-07
8.35	3e-07	3e-07	-3e-07	-1e-07	2e-07	-2e-07
8.4	3e-07	3e-07	-2e-07	-1e-07	2e-07	-1e-07
8.45	2e-07	3e-07	-2e-07	0	2e-07	-1e-07
8.5	2e-07	2e-07	-1e-07	0	1e-07	-1e-07
8.55	1e-07	1e-07	-1e-07	0	1e-07	-1e-07
8.6	1e-07	1e-07	-1e-07	0	1e-07	-1e-07
8.65	0	1e-07	0	0	1e-07	-1e-07
8.7	7e-08	1e-07	-1e-07	0	0	-6e-08
8.75	5e-08	1e-07	-5e-08	0	1e-07	-5e-08
8.8	4e-08	4e-08	-3e-08	-1e-08	3e-08	-4e-08
8.85	2e-08	3e-08	-3e-08	-2e-08	2e-08	-4e-08
8.9	2e-08	2e-08	-2e-08	-1e-08	1e-08	-3e-08
8.95	2e-08	2e-08	-1e-08	-1e-08	2e-08	-3e-08
9	1e-08	1e-08	-1e-08	-1e-08	1e-08	-2e-08
9.05	1e-08	0	-1e-08	0	1e-08	-2e-08
9.1	1e-08	0	-1e-08	-1e-08	0	-2e-08
9.15	0	1e-08	0	0	0	-2e-08
9.2	0	0	0	0	0	-2e-08
9.25	0	0	0	0	0	-2e-08
9.3	0	0	0	0	0	-1e-08
9.35	0	0	0	0	0	-1e-08
9.4	0	0	0	0	0	-8e-09
9.45	-1e-09	0	0	0	0	-8e-09
9.5	-1e-09	0	1e-09	1e-09	0	-7e-09
9.55	-1e-09	-2e-09	0	0	-1e-09	-6e-09
9.6	-1e-09	-1e-09	1e-09	0	-1e-09	-5e-09
9.65	-1e-09	-1e-09	1e-09	1e-09	0	-5e-09
9.7	-1e-09	-2e-09	1e-09	1e-09	-1e-09	-4e-09
9.75	-1e-09	-1e-09	1e-09	0	-1e-09	-3e-09
9.8	0	-1e-09	0	0	-1e-09	-3e-09
9.85	0	0	1e-09	0	-1e-09	-2e-09
9.9	-1e-09	0	1e-09	0	0	-2e-09
9.95	0	0	1e-09	0	0	-2e-09
10	-1e-09	-1e-09	0	0	0	-1e-09
10.05	0	0	0	0	0	-2e-09
10.1	0	-1e-09	1e-09	0	0	-1e-09
10.15	-1e-09	0	0	0	0	-1e-09
10.2	-1e-10	0	0	0	0	-7e-10
10.25	-1e-10	0	1e-10	0	0	-7e-10
10.3	-1e-10	-1e-10	1e-10	0	-1e-10	-6e-10
10.35	-1e-10	-1e-10	1e-10	0	-1e-10	-4e-10
10.4	-1e-10	-1e-10	1e-10	1e-10	0	-4e-10
10.45	-1e-10	-1e-10	1e-10	0	0	-3e-10
10.5	0	-1e-10	0	0	-1e-10	-3e-10
10.55	0	-1e-10	1e-10	0	0	-3e-10
10.6	-1e-10	-1e-10	0	0	0	-2e-10
10.65	0	0	0	0	-1e-10	-2e-10
10.7	0	-1e-10	0	0	0	-1e-10
10.75	0	0	0	1e-10	0	-1e-10
10.8	-1e-11	-1e-10	0	0	0	-9e-11
10.85	-1e-11	-1e-10	1e-11	1e-11	0	-7e-11
10.9	-1e-11	-1e-11	2e-11	0	-1e-11	-6e-11
10.95	0	-2e-11	1e-11	0	-1e-11	-4e-11
11	-1e-11	-1e-11	1e-11	1e-11	0	-4e-11
11.05	0	-1e-11	0	1e-11	0	-3e-11
11.1	-1e-11	-1e-11	1e-11	1e-11	-1e-11	-3e-11
11.15	0	0	0	0	-1e-11	-2e-11
11.2	-1e-11	0	1e-11	0	0	-2e-11
11.25	0	0	0	0	0	-1e-11
11.3	0	-1e-11	0	0	0	-9e-12
11.35	-1e-12	0	2e-12	0	0	-7e-12
11.4	-1e-12	-1e-12	1e-12	0	-1e-12	-5e-12
11.45	0	-1e-12	1e-12	0	-1e-12	-4e-12
11.5	0	-1e-12	0	1e-12	-1e-12	-3e-12
11.55	0	-1e-12	1e-12	0	-1e-12	-3e-12
11.6	-1e-12	-1e-12	1e-12	0	-1e-12	-2e-12
11.65	0	-1e-12	0	0	-1e-12	-2e-12
11.7	0	-1e-12	0	0	0	-1e-12
11.75	-1e-13	0	0	0	-1e-12	-8e-13
11.8	-1e-13	-2e-13	1e-13	0	-1e-13	-6e-13
11.85	0	-1e-13	1e-13	0	-1e-13	-5e-13
11.9	-1e-13	-1e-13	1e-13	0	0	-3e-13
11.95	0	-1e-13	0	0	-1e-13	-2e-13
12	0	0	0	0	0	-1e-13
12.05	-1e-13	0	0	0	-1e-13	-1e-13
12.1	0	-1e-13	1e-13	0	0	-1e-13
12.15	-1e-14	0	2e-14	1e-14	0	-6e-14
12.2	-1e-14	-2e-14	1e-14	0	-1e-14	-4e-14
12.25	-1e-14	-1e-14	1e-14	0	0	-3e-14
12.3	0	-1e-14	0	0	0	-2e-14
12.35	0	-1e-14	0	0	-1e-14	-2e-14
12.4	-1e-14	0	1e-14	0	0	-1e-14
12.45	-2e-15	0	0	0	0	-8e-15
12.5	-1e-15	-2e-15	1e-15	0	-1e-15	-5e-15
12.55	-1e-15	-1e-15	1e-15	1e-15	0	-4e-15
12.6	0	-1e-15	0	0	0	-3e-15
12.65	0	0	0	0	0	-1e-15
12.7	0	0	0	0	0	-1e-15
12.75	-1e-16	0	0	0	0	-8e-16
12.8	-1e-16	-1e-16	1e-16	0	-1e-16	-5e-16
