1.85	9.431865	9.281041	9.451187	9.375020	9.514315	9.336811
1.90	9.190430	9.043467	9.209258	9.135041	9.270770	9.097809
1.95	8.955128	8.811927	8.973473	8.901156	9.033410	8.864878
2.00	8.725838	8.586304	8.743714	8.673249	8.802117	8.637899
2.05	8.502445	8.366483	8.519864	8.451202	8.576771	8.416758
2.10	8.284771	8.152290	8.301743	8.234839	8.357193	8.201277
2.15	8.072639	7.943550	8.089177	8.023986	8.143207	7.991283
2.20	7.865990	7.740205	7.882104	7.818582	7.934751	7.786716
2.25	7.664588	7.542024	7.680290	7.618394	7.731589	7.587344
2.30	7.478928	7.359333	7.494249	7.433853	7.544306	7.403555
2.35	7.297749	7.181051	7.312699	7.253766	7.361543	7.224202
2.40	7.120992	7.007120	7.135580	7.078074	7.183241	7.049226
2.45	6.948538	6.837425	6.962773	6.906660	7.009280	6.878511
2.50	6.780212	6.671790	6.794102	6.739349	6.839482	6.711881
2.55	6.593314	6.487881	6.606822	6.553577	6.650951	6.526867
2.60	6.411546	6.309019	6.424681	6.372904	6.467593	6.346930
2.65	6.234847	6.135146	6.247620	6.197271	6.289350	6.172013
2.70	6.062984	5.966031	6.075405	6.026443	6.115984	6.001881
2.75	5.895837	5.801557	5.907915	5.860303	5.947376	5.836419
2.80	5.741779	5.649962	5.753541	5.707173	5.791971	5.683913
2.85	5.591741	5.502324	5.603197	5.558040	5.640622	5.535388
2.90	5.445625	5.358544	5.456781	5.412805	5.493228	5.390744
2.95	5.303329	5.218524	5.314193	5.271366	5.349689	5.249882
3.00	5.164753	5.082164	5.175334	5.133626	5.209901	5.112703
3.05	5.018766	4.938512	5.029048	4.988519	5.062638	4.968187
3.10	4.876906	4.798920	4.886897	4.847514	4.919539	4.827757
3.15	4.739062	4.663280	4.748770	4.710500	4.780489	4.691302
3.20	4.605108	4.531468	4.614543	4.577354	4.645365	4.558698
3.25	4.474940	4.403382	4.484108	4.447970	4.514058	4.429842
3.30	4.327585	4.258383	4.336451	4.301504	4.365416	4.283972
3.35	4.185089	4.118166	4.193663	4.159866	4.221674	4.142912
3.40	4.047280	3.982560	4.055571	4.022887	4.082660	4.006491
3.45	3.914010	3.851422	3.922029	3.890421	3.948225	3.874565
3.50	3.785127	3.724600	3.792882	3.762315	3.818215	3.746981
3.55	3.655030	3.596582	3.662517	3.633001	3.686981	3.618194
3.60	3.529407	3.472969	3.536638	3.508136	3.560260	3.493838
3.65	3.408100	3.353602	3.415082	3.387560	3.437893	3.373753
3.70	3.290968	3.238342	3.297710	3.271133	3.319736	3.257801
3.75	3.177856	3.127039	3.184366	3.158703	3.205636	3.145830
3.80	3.066560	3.017523	3.072843	3.048078	3.093367	3.035656
3.85	2.959168	2.911848	2.965230	2.941333	2.985036	2.929345
3.90	2.855531	2.809868	2.861381	2.838321	2.880493	2.826753
3.95	2.755525	2.711462	2.761171	2.738918	2.779613	2.727755
4.00	2.659022	2.616502	2.664470	2.642997	2.682267	2.632225
4.05	2.551642	2.510838	2.556869	2.536263	2.573947	2.525926
4.10	2.448600	2.409445	2.453616	2.433843	2.470005	2.423923
4.15	2.349715	2.312141	2.354529	2.335554	2.370255	2.326035
4.20	2.254827	2.218771	2.259447	2.241238	2.274538	2.232103
4.25	2.163772	2.129171	2.168205	2.150731	2.182687	2.141966
4.30	2.068484	2.035407	2.072721	2.056017	2.086566	2.047637
4.35	1.977387	1.945767	1.981438	1.965469	1.994673	1.957459
4.40	1.890306	1.860078	1.894178	1.878913	1.906830	1.871255
4.45	1.807062	1.778166	1.810764	1.796171	1.822859	1.788851
4.50	1.727480	1.699856	1.731019	1.717069	1.742581	1.710071
4.55	1.648682	1.622318	1.652060	1.638746	1.663095	1.632067
4.60	1.573481	1.548320	1.576704	1.563998	1.587236	1.557623
4.65	1.501705	1.477691	1.504781	1.492654	1.514832	1.486571
4.70	1.433207	1.410289	1.436143	1.424569	1.445736	1.418763
4.75	1.367834	1.345961	1.370636	1.359590	1.379791	1.354049
4.80	1.304448	1.283589	1.307120	1.296586	1.315851	1.291302
4.85	1.243998	1.224105	1.246546	1.236501	1.254873	1.231461
4.90	1.186348	1.167378	1.188779	1.179198	1.196719	1.174392
4.95	1.131370	1.113278	1.133688	1.124551	1.141260	1.119968
5.00	1.078938	1.061685	1.081148	1.072435	1.088370	1.068065
5.05	1.027008	1.010585	1.029112	1.020818	1.035985	1.016657
5.10	0.977577	0.961945	0.979580	0.971685	0.986123	0.967725
5.15	0.930522	0.915642	0.932429	0.924914	0.938657	0.921144
5.20	0.885737	0.871574	0.887552	0.880399	0.893480	0.876811
5.25	0.843105	0.829623	0.844832	0.838023	0.850475	0.834608
5.30	0.800006	0.787213	0.801645	0.795185	0.806999	0.791944
5.35	0.759107	0.746968	0.760662	0.754532	0.765743	0.751456
5.40	0.720306	0.708788	0.721782	0.715965	0.726603	0.713047
5.45	0.683481	0.672551	0.684881	0.679362	0.689456	0.676593
5.50	0.648542	0.638171	0.649871	0.644633	0.654211	0.642006
5.55	0.613757	0.603942	0.615014	0.610058	0.619122	0.607571
5.60	0.580839	0.571551	0.582029	0.577338	0.585916	0.574985
5.65	0.549685	0.540895	0.550811	0.546372	0.554491	0.544146
5.70	0.520203	0.511885	0.521269	0.517068	0.524751	0.514961
5.75	0.492302	0.484430	0.493311	0.489335	0.496606	0.487341
5.80	0.463995	0.456575	0.464945	0.461198	0.468051	0.459319
5.85	0.437315	0.430322	0.438211	0.434679	0.441138	0.432908
5.90	0.412169	0.405578	0.413013	0.409684	0.415772	0.408015
5.95	0.388468	0.382256	0.389264	0.386127	0.391864	0.384553
6.00	0.366131	0.360277	0.366882	0.363925	0.369332	0.362442
6.05	0.346288	0.340751	0.346998	0.344201	0.349316	0.342799
6.10	0.327521	0.322284	0.328192	0.325547	0.330384	0.324221
6.15	0.309771	0.304817	0.310405	0.307904	0.312479	0.306649
6.20	0.292983	0.288298	0.293583	0.291217	0.295544	0.290030
6.25	0.277104	0.272673	0.277672	0.275434	0.279527	0.274312
6.30	0.262422	0.258226	0.262960	0.260840	0.264716	0.259777
6.35	0.248518	0.244544	0.249027	0.247020	0.250690	0.246013
6.40	0.235350	0.231587	0.235832	0.233932	0.237407	0.232978
6.45	0.222880	0.219316	0.223337	0.221537	0.224829	0.220634
6.50	0.211071	0.207696	0.211503	0.209799	0.212916	0.208944
6.55	0.199639	0.196447	0.200048	0.198436	0.201384	0.197627
6.60	0.188827	0.185807	0.189213	0.187689	0.190477	0.186924
6.65	0.178600	0.175744	0.178966	0.177523	0.180161	0.176800
6.70	0.168926	0.166225	0.169272	0.167908	0.170403	0.167224
6.75	0.159777	0.157222	0.160105	0.158814	0.161174	0.158167
6.80	0.149599	0.147206	0.149905	0.148697	0.150906	0.148091
6.85	0.140069	0.137829	0.140356	0.139224	0.141293	0.138657
6.90	0.131146	0.129049	0.131414	0.130355	0.132292	0.129824
6.95	0.122791	0.120828	0.123043	0.122051	0.123865	0.121554
7.00	0.114969	0.113130	0.115204	0.114276	0.115974	0.113810
7.05	0.106498	0.104795	0.106716	0.105856	0.107429	0.105425
7.10	0.098652	0.097075	0.098854	0.098058	0.099514	0.097658
7.15	0.091384	0.089923	0.091572	0.090834	0.092183	0.090463
7.20	0.084651	0.083298	0.084825	0.084141	0.085391	0.083798
7.25	0.078415	0.077161	0.078575	0.077942	0.079100	0.077624
7.30	0.071950	0.070799	0.072097	0.071516	0.072579	0.071225
7.35	0.066018	0.064962	0.066153	0.065620	0.066595	0.065353
7.40	0.060576	0.059607	0.060700	0.060211	0.061105	0.059965
7.45	0.055581	0.054692	0.055695	0.055246	0.056067	0.055021
7.50	0.050999	0.050183	0.051103	0.050692	0.051445	0.050485
7.55	0.047417	0.046659	0.047514	0.047131	0.047831	0.046939
7.60	0.044086	0.043381	0.044177	0.043821	0.044472	0.043642
7.65	0.040990	0.040334	0.041074	0.040743	0.041348	0.040577
7.70	0.038111	0.037501	0.038189	0.037881	0.038444	0.037727
7.75	0.035434	0.034867	0.035507	0.035220	0.035744	0.035077
7.80	0.032398	0.031879	0.032464	0.032202	0.032681	0.032071
7.85	0.029621	0.029148	0.029682	0.029443	0.029880	0.029323
7.90	0.027083	0.026650	0.027138	0.026920	0.027320	0.026810
7.95	0.024762	0.024366	0.024813	0.024613	0.024978	0.024512
8.00	0.022640	0.022278	0.022686	0.022504	0.022838	0.022412
8.05	0.020700	0.020369	0.020742	0.020575	0.020881	0.020491
8.10	0.018926	0.018623	0.018965	0.018812	0.019091	0.018735
8.15	0.017851	0.017566	0.017888	0.017743	0.018007	0.017671
8.20	0.016306	0.016045	0.016339	0.016207	0.016448	0.016141
8.25	0.014876	0.014638	0.014907	0.014787	0.015006	0.014726
8.30	0.013555	0.013339	0.013583	0.013474	0.013674	0.013419
8.35	0.012336	0.012139	0.012361	0.012262	0.012444	0.012212
8.40	0.011212	0.011033	0.011235	0.011145	0.011310	0.011099
8.45	0.010177	0.010014	0.010198	0.010116	0.010266	0.010075
8.50	0.009225	0.009078	0.009244	0.009170	0.009306	0.009132
8.55	0.008351	0.008217	0.008368	0.008301	0.008424	0.008267
8.60	0.007549	0.007428	0.007564	0.007503	0.007615	0.007473
8.65	0.006814	0.006705	0.006828	0.006773	0.006873	0.006745
8.70	0.006141	0.006043	0.006154	0.006104	0.006195	0.006079
8.75	0.005527	0.005438	0.005538	0.005493	0.005575	0.005471
8.80	0.004966	0.004887	0.004976	0.004936	0.005009	0.004916
8.85	0.004455	0.004384	0.004464	0.004428	0.004494	0.004410
8.90	0.003990	0.003927	0.003999	0.003966	0.004025	0.003950
8.95	0.003568	0.003511	0.003576	0.003547	0.003600	0.003532
9.00	0.003185	0.003134	0.003192	0.003166	0.003213	0.003153
9.05	0.002839	0.002793	0.002845	0.002822	0.002864	0.002810
9.10	0.002525	0.002485	0.002530	0.002510	0.002547	0.002500
9.15	0.002242	0.002207	0.002247	0.002229	0.002262	0.002220
9.20	0.001988	0.001956	0.001992	0.001976	0.002005	0.001968
9.25	0.001758	0.001730	0.001762	0.001748	0.001774	0.001741
9.30	0.001553	0.001528	0.001556	0.001543	0.001566	0.001537
9.35	0.001368	0.001346	0.001371	0.001360	0.001380	0.001354
9.40	0.001203	0.001184	0.001206	0.001196	0.001214	0.001191
9.45	0.001056	0.001039	0.001058	0.001050	0.001065	0.001045
9.50	0.000925	0.000910	0.000927	0.000919	0.000933	0.000916
9.55	0.000808	0.000795	0.000810	0.000803	0.000815	0.000800
9.60	0.000705	0.000694	0.000706	0.000701	0.000711	0.000698
9.65	0.000613	0.000604	0.000615	0.000610	0.000619	0.000607
9.70	0.000532	0.000524	0.000534	0.000529	0.000537	0.000527
9.75	0.000461	0.000454	0.000462	0.000458	0.000465	0.000456
9.80	0.000398	0.000392	0.000399	0.000396	0.000402	0.000394
9.85	0.000343	0.000338	0.000344	0.000341	0.000346	0.000340
9.90	0.000295	0.000291	0.000296	0.000293	0.000298	0.000292
9.95	0.000253	0.000249	0.000254	0.000252	0.000255	0.000251
10.00	0.000217	0.000213	0.000217	0.000215	0.000218	0.000214
10.05	0.000185	0.000182	0.000185	0.000184	0.000186	0.000183
10.10	0.000157	0.000155	0.000158	0.000156	0.000159	0.000156
10.15	0.000133	0.000131	0.000134	0.000133	0.000135	0.000132
10.20	0.000113	0.000111	0.000113	0.000112	0.000114	0.000112
10.25	0.000095	0.000094	0.000095	0.000095	0.000096	0.000094
10.30	0.000080	0.000079	0.000080	0.000080	0.000081	0.000079
10.35	0.000067	0.000066	0.000067	0.000067	0.000068	0.000067
10.40	0.000056	0.000055	0.000056	0.000056	0.000057	0.000056
10.45	0.000047	0.000046	0.000047	0.000047	0.000047	0.000046
10.50	0.000039	0.000038	0.000039	0.000039	0.000039	0.000039
10.55	0.000032	0.000032	0.000032	0.000032	0.000033	0.000032
10.60	0.000027	0.000026	0.000027	0.000026	0.000027	0.000026
10.65	0.000022	0.000022	0.000022	0.000022	0.000022	0.000022
10.70	0.000018	0.000018	0.000018	0.000018	0.000018	0.000018
10.75	0.000015	0.000014	0.000015	0.000015	0.000015	0.000015
10.80	0.000012	0.000012	0.000012	0.000012	0.000012	0.000012
10.85	0.000010	0.000010	0.000010	0.000010	0.000010	0.000010
10.90	0.000008	0.000008	0.000008	0.000008	0.000008	0.000008
10.95	0.000006	0.000006	0.000006	0.000006	0.000006	0.000006
11.00	0.000005	0.000005	0.000005	0.000005	0.000005	0.000005
11.05	0.000004	0.000004	0.000004	0.000004	0.000004	0.000004
11.10	0.000003	0.000003	0.000003	0.000003	0.000003	0.000003
11.15	0.000003	0.000003	0.000003	0.000003	0.000003	0.000003
11.20	0.000002	0.000002	0.000002	0.000002	0.000002	0.000002
11.25	0.000002	0.000002	0.000002	0.000002	0.000002	0.000002
11.30	0.000001	0.000001	0.000001	0.000001	0.000001	0.000001
11.35	0.000001	0.000001	0.000001	0.000001	0.000001	0.000001
11.40	0.000001	0.000001	0.000001	0.000001	0.000001	0.000001
11.45	0.000001	0.000001	0.000001	0.000001	0.000001	0.000001
11.50	0.000000	0.000000	0.000000	0.000000	0.000000	0.000000
11.55	0.000000	0.000000	0.000000	0.000000	0.000000	0.000000
11.60	0.000000	0.000000	0.000000	0.000000	0.000000	0.000000
11.65	0.000000	0.000000	0.000000	0.000000	0.000000	0.000000
11.70	0.000000	0.000000	0.000000	0.000000	0.000000	0.000000
11.75	0.000000	0.000000	0.000000	0.000000	0.000000	0.000000
11.80	0.000000	0.000000	0.000000	0.000000	0.000000	0.000000
11.85	0.000000	0.000000	0.000000	0.000000	0.000000	0.000000
11.90	0.000000	0.000000	0.000000	0.000000	0.000000	0.000000
11.95	0.000000	0.000000	0.000000	0.000000	0.000000	0.000000
12.00	0.000000	0.000000	0.000000	0.000000	0.000000	0.000000
12.05	0.000000	0.000000	0.000000	0.000000	0.000000	0.000000
12.10	0.000000	0.000000	0.000000	0.000000	0.000000	0.000000
12.15	0.000000	0.000000	0.000000	0.000000	0.000000	0.000000
12.20	0.000000	0.000000	0.000000	0.000000	0.000000	0.000000
12.25	0.000000	0.000000	0.000000	0.000000	0.000000	0.000000
12.30	0.000000	0.000000	0.000000	0.000000	0.000000	0.000000
12.35	0.000000	0.000000	0.000000	0.000000	0.000000	0.000000
12.40	0.000000	0.000000	0.000000	0.000000	0.000000	0.000000
12.45	0.000000	0.000000	0.000000	0.000000	0.000000	0.000000
12.50	0.000000	0.000000	0.000000	0.000000	0.000000	0.000000
12.55	0.000000	0.000000	0.000000	0.000000	0.000000	0.000000
12.60	0.000000	0.000000	0.000000	0.000000	0.000000	0.000000
12.65	0.000000	0.000000	0.000000	0.000000	0.000000	0.000000
12.70	0.000000	0.000000	0.000000	0.000000	0.000000	0.000000
12.75	0.000000	0.000000	0.000000	0.000000	0.000000	0.000000
