1.85	11.206107	11.226365	10.941727	11.152267	10.768074	11.154551
1.90	10.919256	10.938995	10.661643	10.866794	10.492436	10.869019
1.95	10.639690	10.658924	10.388673	10.588571	10.223798	10.590739
2.00	10.367269	10.386011	10.122679	10.317459	9.962025	10.319572
2.05	10.101853	10.120115	9.863525	10.053318	9.706984	10.055377
2.10	9.843232	9.861026	9.611005	9.795939	9.458472	9.797945
2.15	9.591195	9.608533	9.364914	9.545113	9.216287	9.547068
2.20	9.345673	9.362567	9.125185	9.300771	8.980362	9.302676
2.25	9.106385	9.122847	8.891542	9.062633	8.750428	9.064489
2.30	8.885800	8.901864	8.676162	8.843108	8.538465	8.844919
2.35	8.670540	8.686214	8.465979	8.628881	8.331619	8.630648
2.40	8.460532	8.475827	8.260927	8.419883	8.129820	8.421607
2.45	8.255639	8.270563	8.060867	8.215974	7.932936	8.217656
2.50	8.055648	8.070211	7.865595	8.016944	7.740763	8.018586
2.55	7.833593	7.847754	7.648778	7.795956	7.527387	7.797552
2.60	7.617631	7.631402	7.437912	7.581032	7.319867	7.582584
2.65	7.407694	7.421085	7.232928	7.372103	7.118136	7.373613
2.70	7.203501	7.216523	7.033552	7.168891	6.921925	7.170359
2.75	7.004912	7.017575	6.839648	6.971256	6.731098	6.972684
2.80	6.821873	6.834205	6.660928	6.789097	6.555215	6.790487
2.85	6.643612	6.655622	6.486872	6.611693	6.383922	6.613047
2.90	6.470010	6.481706	6.317365	6.438924	6.217105	6.440243
2.95	6.300946	6.312336	6.152291	6.270673	6.054650	6.271957
3.00	6.136303	6.147395	5.991532	6.106820	5.896442	6.108071
3.05	5.962854	5.973633	5.822175	5.934205	5.729773	5.935420
3.10	5.794309	5.804783	5.657606	5.766470	5.567816	5.767651
3.15	5.630534	5.640712	5.497695	5.603482	5.410443	5.604629
3.20	5.471382	5.481273	5.342298	5.445095	5.257513	5.446210
3.25	5.316728	5.326339	5.191293	5.291183	5.108904	5.292267
3.30	5.141654	5.150949	5.020349	5.116951	4.940673	5.117999
3.35	4.972352	4.981341	4.855042	4.948462	4.777989	4.949476
3.40	4.808620	4.817312	4.695172	4.785516	4.620657	4.786496
3.45	4.650281	4.658687	4.540569	4.627938	4.468507	4.628886
3.50	4.497153	4.505283	4.391054	4.475546	4.321365	4.476463
3.55	4.342583	4.350433	4.240130	4.321719	4.172837	4.322604
3.60	4.193329	4.200910	4.094398	4.173182	4.029417	4.174037
3.65	4.049203	4.056523	3.953672	4.029748	3.890925	4.030574
3.70	3.910037	3.917105	3.817789	3.891251	3.757198	3.892047
3.75	3.775647	3.782473	3.686570	3.757507	3.628062	3.758276
3.80	3.643416	3.650002	3.557458	3.625911	3.500999	3.626653
3.85	3.515821	3.522177	3.432874	3.498929	3.378392	3.499646
3.90	3.392689	3.398822	3.312647	3.376388	3.260073	3.377080
3.95	3.273872	3.279790	3.196633	3.258142	3.145900	3.258809
4.00	3.159215	3.164926	3.084681	3.144036	3.035725	3.144680
4.05	3.031635	3.037115	2.960111	3.017069	2.913132	3.017687
4.10	2.909210	2.914469	2.840574	2.895232	2.795492	2.895825
4.15	2.791723	2.796770	2.725860	2.778310	2.682598	2.778879
4.20	2.678986	2.683829	2.615782	2.666115	2.574268	2.666661
4.25	2.570803	2.575450	2.510151	2.558451	2.470313	2.558975
4.30	2.457589	2.462032	2.399608	2.445782	2.361525	2.446282
4.35	2.349356	2.353603	2.293929	2.338069	2.257523	2.338547
4.40	2.245894	2.249954	2.192907	2.235103	2.158105	2.235561
4.45	2.146991	2.150873	2.096338	2.136676	2.063068	2.137114
4.50	2.052439	2.056149	2.004017	2.042578	1.972212	2.042996
4.55	1.958818	1.962359	1.912605	1.949407	1.882251	1.949806
4.60	1.869471	1.872850	1.825365	1.860489	1.796396	1.860870
4.65	1.784193	1.787418	1.742099	1.775621	1.714451	1.775984
4.70	1.702810	1.705888	1.662636	1.694629	1.636249	1.694976
4.75	1.625140	1.628077	1.586798	1.617331	1.561615	1.617663
4.80	1.549830	1.552631	1.513265	1.542383	1.489249	1.542699
4.85	1.478008	1.480680	1.443138	1.470907	1.420235	1.471208
4.90	1.409514	1.412062	1.376260	1.402742	1.354418	1.403029
4.95	1.344194	1.346623	1.312481	1.337735	1.291651	1.338009
5.00	1.281899	1.284216	1.251656	1.275740	1.231791	1.276001
5.05	1.220200	1.222405	1.191412	1.214337	1.172503	1.214586
5.10	1.161470	1.163570	1.134068	1.155890	1.116070	1.156127
5.15	1.105564	1.107563	1.079481	1.100252	1.062349	1.100478
5.20	1.052355	1.054257	1.027527	1.047299	1.011220	1.047513
5.25	1.001702	1.003513	0.978070	0.996890	0.962547	0.997094
5.30	0.950496	0.952215	0.928072	0.945930	0.913343	0.946123
5.35	0.901903	0.903534	0.880625	0.897570	0.866649	0.897754
5.40	0.855804	0.857351	0.835613	0.851692	0.822352	0.851867
5.45	0.812051	0.813519	0.792893	0.808150	0.780309	0.808315
5.50	0.770540	0.771933	0.752361	0.766838	0.740421	0.766995
5.55	0.729211	0.730530	0.712007	0.725708	0.700707	0.725856
5.60	0.690101	0.691349	0.673820	0.686786	0.663126	0.686926
5.65	0.653088	0.654268	0.637680	0.649950	0.627559	0.650083
5.70	0.618059	0.619177	0.603478	0.615090	0.593900	0.615216
5.75	0.584910	0.585967	0.571111	0.582100	0.562047	0.582219
5.80	0.551277	0.552274	0.538271	0.548629	0.529729	0.548741
5.85	0.519579	0.520518	0.507321	0.517082	0.499269	0.517188
5.90	0.489702	0.490587	0.478149	0.487349	0.470560	0.487449
5.95	0.461544	0.462378	0.450655	0.459326	0.443503	0.459420
6.00	0.435005	0.435791	0.424742	0.432915	0.418001	0.433004
6.05	0.411429	0.412173	0.401723	0.409453	0.395347	0.409536
6.10	0.389132	0.389835	0.379951	0.387262	0.373921	0.387342
6.15	0.368042	0.368708	0.359359	0.366274	0.353656	0.366349
6.20	0.348096	0.348726	0.339884	0.346424	0.334490	0.346495
6.25	0.329231	0.329826	0.321463	0.327649	0.316362	0.327716
6.30	0.311787	0.312350	0.304431	0.310289	0.299599	0.310352
6.35	0.295267	0.295801	0.288301	0.293848	0.283725	0.293908
6.40	0.279622	0.280128	0.273025	0.278279	0.268692	0.278336
6.45	0.264807	0.265285	0.258559	0.263534	0.254456	0.263588
6.50	0.250776	0.251229	0.244859	0.249571	0.240973	0.249622
6.55	0.237193	0.237622	0.231597	0.236054	0.227922	0.236102
6.60	0.224347	0.224753	0.219054	0.223269	0.215578	0.223315
6.65	0.212196	0.212580	0.207190	0.211177	0.203902	0.211220
6.70	0.200703	0.201066	0.195968	0.199739	0.192858	0.199780
6.75	0.189833	0.190176	0.185354	0.188921	0.182413	0.188960
6.80	0.177740	0.178061	0.173546	0.176886	0.170792	0.176922
6.85	0.166417	0.166718	0.162491	0.165618	0.159912	0.165651
6.90	0.155816	0.156098	0.152140	0.155067	0.149725	0.155099
6.95	0.145890	0.146154	0.142448	0.145189	0.140187	0.145219
7.00	0.136596	0.136843	0.133373	0.135939	0.131256	0.135967
7.05	0.126532	0.126761	0.123547	0.125924	0.121586	0.125950
7.10	0.117210	0.117422	0.114444	0.116647	0.112628	0.116670
7.15	0.108575	0.108771	0.106013	0.108053	0.104331	0.108075
7.20	0.100575	0.100757	0.098202	0.100092	0.096644	0.100112
7.25	0.093165	0.093334	0.090967	0.092718	0.089524	0.092737
7.30	0.085484	0.085639	0.083468	0.085074	0.082143	0.085091
7.35	0.078437	0.078579	0.076586	0.078060	0.075371	0.078076
7.40	0.071971	0.072101	0.070273	0.071625	0.069157	0.071639
7.45	0.066037	0.066156	0.064479	0.065719	0.063455	0.065733
7.50	0.060592	0.060702	0.059163	0.060301	0.058224	0.060314
7.55	0.056337	0.056438	0.055007	0.056066	0.054134	0.056077
7.60	0.052380	0.052474	0.051144	0.052128	0.050332	0.052139
7.65	0.048701	0.048789	0.047552	0.048467	0.046797	0.048476
7.70	0.045280	0.045362	0.044212	0.045062	0.043510	0.045072
7.75	0.042100	0.042176	0.041106	0.041897	0.040454	0.041906
7.80	0.038492	0.038561	0.037584	0.038307	0.036987	0.038315
7.85	0.035193	0.035257	0.034363	0.035024	0.033818	0.035031
7.90	0.032177	0.032236	0.031418	0.032023	0.030920	0.032029
7.95	0.029420	0.029473	0.028726	0.029279	0.028270	0.029285
8.00	0.026899	0.026947	0.026264	0.026770	0.025847	0.026775
8.05	0.024594	0.024638	0.024014	0.024476	0.023632	0.024481
8.10	0.022486	0.022527	0.021956	0.022378	0.021607	0.022383
8.15	0.021209	0.021247	0.020709	0.021107	0.020380	0.021111
8.20	0.019373	0.019408	0.018916	0.019280	0.018616	0.019284
8.25	0.017675	0.017707	0.017258	0.017590	0.016984	0.017593
8.30	0.016105	0.016134	0.015725	0.016028	0.015476	0.016031
8.35	0.014657	0.014683	0.014311	0.014586	0.014084	0.014589
8.40	0.013321	0.013345	0.013007	0.013257	0.012801	0.013260
8.45	0.012092	0.012114	0.011806	0.012034	0.011619	0.012036
8.50	0.010961	0.010980	0.010702	0.010908	0.010532	0.010910
8.55	0.009922	0.009940	0.009688	0.009874	0.009534	0.009876
8.60	0.008969	0.008985	0.008757	0.008926	0.008618	0.008927
8.65	0.008095	0.008110	0.007904	0.008057	0.007779	0.008058
8.70	0.007296	0.007310	0.007124	0.007261	0.007011	0.007263
8.75	0.006566	0.006578	0.006411	0.006535	0.006310	0.006536
8.80	0.005900	0.005911	0.005761	0.005872	0.005670	0.005873
8.85	0.005293	0.005303	0.005168	0.005268	0.005086	0.005269
8.90	0.004741	0.004750	0.004629	0.004718	0.004556	0.004719
8.95	0.004240	0.004247	0.004140	0.004219	0.004074	0.004220
9.00	0.003785	0.003791	0.003695	0.003766	0.003637	0.003767
9.05	0.003373	0.003379	0.003293	0.003357	0.003241	0.003357
9.10	0.003000	0.003006	0.002930	0.002986	0.002883	0.002987
9.15	0.002664	0.002669	0.002601	0.002651	0.002560	0.002652
9.20	0.002361	0.002366	0.002306	0.002350	0.002269	0.002351
9.25	0.002089	0.002093	0.002040	0.002079	0.002007	0.002079
9.30	0.001845	0.001848	0.001801	0.001836	0.001773	0.001836
9.35	0.001626	0.001628	0.001587	0.001618	0.001562	0.001618
9.40	0.001430	0.001432	0.001396	0.001423	0.001374	0.001423
9.45	0.001255	0.001257	0.001225	0.001249	0.001206	0.001249
9.50	0.001099	0.001101	0.001073	0.001094	0.001056	0.001094
9.55	0.000960	0.000962	0.000938	0.000956	0.000923	0.000956
9.60	0.000837	0.000839	0.000818	0.000833	0.000805	0.000834
9.65	0.000729	0.000730	0.000712	0.000725	0.000700	0.000725
9.70	0.000633	0.000634	0.000618	0.000630	0.000608	0.000630
9.75	0.000548	0.000549	0.000535	0.000545	0.000526	0.000545
9.80	0.000473	0.000474	0.000462	0.000471	0.000455	0.000471
9.85	0.000408	0.000409	0.000398	0.000406	0.000392	0.000406
9.90	0.000351	0.000351	0.000343	0.000349	0.000337	0.000349
9.95	0.000301	0.000301	0.000294	0.000299	0.000289	0.000299
10.00	0.000257	0.000258	0.000251	0.000256	0.000247	0.000256
10.05	0.000220	0.000220	0.000214	0.000218	0.000211	0.000219
10.10	0.000187	0.000187	0.000182	0.000186	0.000180	0.000186
10.15	0.000159	0.000159	0.000155	0.000158	0.000152	0.000158
10.20	0.000134	0.000134	0.000131	0.000133	0.000129	0.000134
10.25	0.000113	0.000113	0.000110	0.000113	0.000109	0.000113
10.30	0.000095	0.000095	0.000093	0.000095	0.000091	0.000095
10.35	0.000080	0.000080	0.000078	0.000079	0.000077	0.000079
10.40	0.000067	0.000067	0.000065	0.000066	0.000064	0.000066
10.45	0.000056	0.000056	0.000054	0.000055	0.000053	0.000055
10.50	0.000046	0.000046	0.000045	0.000046	0.000044	0.000046
10.55	0.000038	0.000038	0.000037	0.000038	0.000037	0.000038
10.60	0.000032	0.000032	0.000031	0.000031	0.000030	0.000031
10.65	0.000026	0.000026	0.000025	0.000026	0.000025	0.000026
10.70	0.000021	0.000021	0.000021	0.000021	0.000021	0.000021
10.75	0.000017	0.000017	0.000017	0.000017	0.000017	0.000017
10.80	0.000014	0.000014	0.000014	0.000014	0.000014	0.000014
10.85	0.000012	0.000012	0.000011	0.000011	0.000011	0.000011
10.90	0.000009	0.000009	0.000009	0.000009	0.000009	0.000009
10.95	0.000008	0.000008	0.000007	0.000007	0.000007	0.000007
11.00	0.000006	0.000006	0.000006	0.000006	0.000006	0.000006
11.05	0.000005	0.000005	0.000005	0.000005	0.000005	0.000005
11.10	0.000004	0.000004	0.000004	0.000004	0.000004	0.000004
11.15	0.000003	0.000003	0.000003	0.000003	0.000003	0.000003
11.20	0.000002	0.000002	0.000002	0.000002	0.000002	0.000002
11.25	0.000002	0.000002	0.000002	0.000002	0.000002	0.000002
11.30	0.000001	0.000001	0.000001	0.000001	0.000001	0.000001
11.35	0.000001	0.000001	0.000001	0.000001	0.000001	0.000001
11.40	0.000001	0.000001	0.000001	0.000001	0.000001	0.000001
11.45	0.000001	0.000001	0.000001	0.000001	0.000001	0.000001
11.50	0.000001	0.000001	0.000001	0.000001	0.000001	0.000001
11.55	0.000000	0.000000	0.000000	0.000000	0.000000	0.000000
11.60	0.000000	0.000000	0.000000	0.000000	0.000000	0.000000
11.65	0.000000	0.000000	0.000000	0.000000	0.000000	0.000000
11.70	0.000000	0.000000	0.000000	0.000000	0.000000	0.000000
11.75	0.000000	0.000000	0.000000	0.000000	0.000000	0.000000
11.80	0.000000	0.000000	0.000000	0.000000	0.000000	0.000000
11.85	0.000000	0.000000	0.000000	0.000000	0.000000	0.000000
11.90	0.000000	0.000000	0.000000	0.000000	0.000000	0.000000
11.95	0.000000	0.000000	0.000000	0.000000	0.000000	0.000000
12.00	0.000000	0.000000	0.000000	0.000000	0.000000	0.000000
12.05	0.000000	0.000000	0.000000	0.000000	0.000000	0.000000
12.10	0.000000	0.000000	0.000000	0.000000	0.000000	0.000000
12.15	0.000000	0.000000	0.000000	0.000000	0.000000	0.000000
12.20	0.000000	0.000000	0.000000	0.000000	0.000000	0.000000
12.25	0.000000	0.000000	0.000000	0.000000	0.000000	0.000000
12.30	0.000000	0.000000	0.000000	0.000000	0.000000	0.000000
12.35	0.000000	0.000000	0.000000	0.000000	0.000000	0.000000
12.40	0.000000	0.000000	0.000000	0.000000	0.000000	0.000000
12.45	0.000000	0.000000	0.000000	0.000000	0.000000	0.000000
12.50	0.000000	0.000000	0.000000	0.000000	0.000000	0.000000
12.55	0.000000	0.000000	0.000000	0.000000	0.000000	0.000000
12.60	0.000000	0.000000	0.000000	0.000000	0.000000	0.000000
12.65	0.000000	0.000000	0.000000	0.000000	0.000000	0.000000
12.70	0.000000	0.000000	0.000000	0.000000	0.000000	0.000000
12.75	0.000000	0.000000	0.000000	0.000000	0.000000	0.000000
