1.85	5.656459	4.704459	6.068109	5.829912	6.086737	2.963852
1.90	5.484731	4.561633	5.883884	5.652918	5.901946	2.873870
1.95	5.318201	4.423131	5.705234	5.481282	5.722748	2.786613
2.00	5.156745	4.288849	5.532029	5.314875	5.549011	2.702014
2.05	5.000201	4.158652	5.364093	5.153531	5.380559	2.619988
2.10	4.848364	4.032369	5.201205	4.997037	5.217171	2.540429
2.15	4.701192	3.909966	5.043323	4.845352	5.058804	2.463314
2.20	4.558481	3.791274	4.890226	4.698265	4.905238	2.388537
2.25	4.420067	3.676156	4.741739	4.555607	4.756295	2.316012
2.30	4.256116	3.539798	4.565856	4.386628	4.579872	2.230105
2.35	4.098221	3.408478	4.396470	4.223892	4.409966	2.147372
2.40	3.946183	3.282028	4.233368	4.067191	4.246363	2.067707
2.45	3.799793	3.160276	4.076324	3.916312	4.088837	1.991002
2.50	3.658834	3.043040	3.925106	3.771031	3.937155	1.917143
2.55	3.557618	2.958860	3.816525	3.666711	3.828241	1.864109
2.60	3.459202	2.877007	3.710947	3.565277	3.722338	1.812541
2.65	3.363512	2.797422	3.608292	3.466653	3.619369	1.762401
2.70	3.270465	2.720036	3.508474	3.370753	3.519244	1.713647
2.75	3.179993	2.644790	3.411418	3.277506	3.421890	1.666242
2.80	3.059943	2.544945	3.282631	3.153775	3.292708	1.603339
2.85	2.944428	2.448871	3.158710	3.034718	3.168406	1.542811
2.90	2.833271	2.356423	3.039464	2.920153	3.048794	1.484568
2.95	2.726314	2.267467	2.924722	2.809916	2.933700	1.428525
3.00	2.623392	2.181867	2.814310	2.703837	2.822949	1.374596
3.05	2.531188	2.105181	2.715397	2.608807	2.723732	1.326283
3.10	2.442226	2.031192	2.619960	2.517117	2.628003	1.279669
3.15	2.356391	1.959803	2.527878	2.428649	2.535638	1.234694
3.20	2.273572	1.890923	2.439032	2.343291	2.446519	1.191299
3.25	2.193663	1.824463	2.353308	2.260931	2.360532	1.149428
3.30	2.107803	1.753053	2.261199	2.172438	2.268141	1.104440
3.35	2.025304	1.684439	2.172696	2.087409	2.179365	1.061212
3.40	1.946033	1.618509	2.087656	2.005707	2.094065	1.019676
3.45	1.869865	1.555160	2.005945	1.927203	2.012102	0.979765
3.50	1.796676	1.494289	1.927429	1.851770	1.933346	0.941416
3.55	1.713136	1.424810	1.837810	1.765669	1.843452	0.897643
3.60	1.633481	1.358561	1.752358	1.683571	1.757737	0.855906
3.65	1.557529	1.295392	1.670879	1.605291	1.676008	0.816109
3.70	1.485110	1.235161	1.593189	1.530650	1.598080	0.778163
3.75	1.416059	1.177732	1.519113	1.459482	1.523776	0.741982
3.80	1.359302	1.130527	1.458225	1.400984	1.462702	0.712242
3.85	1.304820	1.085215	1.399779	1.344832	1.404076	0.683695
3.90	1.252520	1.041717	1.343673	1.290928	1.347798	0.656291
3.95	1.202320	0.999966	1.289819	1.239188	1.293778	0.629987
4.00	1.154129	0.959885	1.238121	1.189520	1.241922	0.604736
4.05	1.098219	0.913385	1.178142	1.131895	1.181759	0.575441
4.10	1.045019	0.869139	1.121070	1.077064	1.124511	0.547565
4.15	0.994392	0.827033	1.066760	1.024885	1.070034	0.521038
4.20	0.946222	0.786970	1.015083	0.975237	1.018199	0.495798
4.25	0.900384	0.748847	0.965910	0.927994	0.968875	0.471780
4.30	0.851068	0.707830	0.913004	0.877165	0.915807	0.445940
4.35	0.804456	0.669064	0.863001	0.829125	0.865650	0.421516
4.40	0.760395	0.632418	0.815733	0.783712	0.818237	0.398429
4.45	0.718748	0.597780	0.771055	0.740788	0.773422	0.376607
4.50	0.679381	0.565039	0.728823	0.700214	0.731060	0.355980
4.55	0.641908	0.533873	0.688623	0.661592	0.690737	0.336345
4.60	0.606503	0.504426	0.650641	0.625101	0.652639	0.317793
4.65	0.573054	0.476607	0.614758	0.590626	0.616645	0.300267
4.70	0.541446	0.450319	0.580850	0.558049	0.582633	0.283705
4.75	0.511582	0.425481	0.548812	0.527269	0.550497	0.268057
4.80	0.486682	0.404772	0.522101	0.501606	0.523703	0.255010
4.85	0.462994	0.385071	0.496688	0.477191	0.498213	0.242598
4.90	0.440460	0.366329	0.472514	0.453966	0.473965	0.230791
4.95	0.419018	0.348496	0.449512	0.431867	0.450892	0.219556
5.00	0.398625	0.331535	0.427635	0.410848	0.428947	0.208870
5.05	0.378021	0.314399	0.405532	0.389613	0.406777	0.198074
5.10	0.358483	0.298149	0.384572	0.369476	0.385752	0.187837
5.15	0.339955	0.282739	0.364695	0.350379	0.365815	0.178128
5.20	0.322384	0.268126	0.345845	0.332270	0.346907	0.168922
5.25	0.305721	0.254267	0.327970	0.315096	0.328977	0.160191
5.30	0.288395	0.239858	0.309384	0.297239	0.310333	0.151112
5.35	0.272051	0.226264	0.291850	0.280394	0.292746	0.142549
5.40	0.256634	0.213442	0.275311	0.264504	0.276156	0.134470
5.45	0.242090	0.201345	0.259708	0.249514	0.260505	0.126849
5.50	0.228370	0.189935	0.244990	0.235373	0.245742	0.119661
5.55	0.214823	0.178668	0.230457	0.221411	0.231164	0.112562
5.60	0.202080	0.168069	0.216786	0.208276	0.217452	0.105885
5.65	0.190092	0.158099	0.203926	0.195921	0.204552	0.099604
5.70	0.178815	0.148720	0.191829	0.184299	0.192418	0.093695
5.75	0.168208	0.139898	0.180450	0.173366	0.181003	0.088137
5.80	0.158467	0.131796	0.169999	0.163326	0.170521	0.083033
5.85	0.149290	0.124164	0.160154	0.153868	0.160646	0.078224
5.90	0.140644	0.116973	0.150880	0.144957	0.151343	0.073694
5.95	0.132499	0.110199	0.142142	0.136562	0.142578	0.069427
6.00	0.124826	0.103817	0.133910	0.128654	0.134321	0.065406
6.05	0.114493	0.095223	0.122825	0.118004	0.123202	0.059992
6.10	0.105015	0.087341	0.112658	0.108235	0.113003	0.055025
6.15	0.096322	0.080111	0.103332	0.099276	0.103649	0.050470
6.20	0.088348	0.073479	0.094778	0.091057	0.095069	0.046292
6.25	0.081035	0.067396	0.086932	0.083519	0.087199	0.042460
6.30	0.077062	0.064092	0.082670	0.079425	0.082924	0.040379
6.35	0.073285	0.060951	0.078618	0.075532	0.078859	0.038399
6.40	0.069692	0.057963	0.074764	0.071829	0.074994	0.036517
6.45	0.066276	0.055121	0.071099	0.068308	0.071317	0.034727
6.50	0.063027	0.052419	0.067614	0.064960	0.067821	0.033025
6.55	0.058818	0.048918	0.063098	0.060621	0.063292	0.030819
6.60	0.054889	0.045651	0.058884	0.056573	0.059065	0.028761
6.65	0.051224	0.042603	0.054951	0.052794	0.055120	0.026840
6.70	0.047803	0.039757	0.051281	0.049268	0.051439	0.025047
6.75	0.044610	0.037102	0.047856	0.045978	0.048003	0.023375
6.80	0.041669	0.034656	0.044701	0.042946	0.044838	0.021833
6.85	0.038921	0.032370	0.041753	0.040114	0.041881	0.020394
6.90	0.036354	0.030236	0.039000	0.037469	0.039120	0.019049
6.95	0.033957	0.028242	0.036428	0.034998	0.036540	0.017793
7.00	0.031718	0.026380	0.034026	0.032691	0.034131	0.016620
7.05	0.028412	0.023631	0.030480	0.029284	0.030574	0.014887
7.10	0.025451	0.021168	0.027303	0.026232	0.027387	0.013336
7.15	0.022799	0.018962	0.024458	0.023498	0.024533	0.011946
7.20	0.020423	0.016985	0.021909	0.021049	0.021976	0.010701
7.25	0.018294	0.015215	0.019626	0.018855	0.019686	0.009586
7.30	0.016778	0.013954	0.017999	0.017292	0.018054	0.008791
7.35	0.015387	0.012797	0.016507	0.015859	0.016557	0.008062
7.40	0.014111	0.011736	0.015138	0.014544	0.015185	0.007394
7.45	0.012942	0.010763	0.013883	0.013338	0.013926	0.006781
7.50	0.011869	0.009871	0.012732	0.012233	0.012772	0.006219
7.55	0.010765	0.008953	0.011548	0.011095	0.011584	0.005641
7.60	0.009764	0.008120	0.010474	0.010063	0.010506	0.005116
7.65	0.008856	0.007365	0.009500	0.009127	0.009529	0.004640
7.70	0.008032	0.006680	0.008616	0.008278	0.008643	0.004209
7.75	0.007285	0.006059	0.007815	0.007508	0.007839	0.003817
7.80	0.006568	0.005462	0.007045	0.006769	0.007067	0.003441
7.85	0.005921	0.004924	0.006352	0.006102	0.006371	0.003102
7.90	0.005338	0.004439	0.005726	0.005501	0.005744	0.002797
7.95	0.004812	0.004002	0.005162	0.004960	0.005178	0.002521
8.00	0.004338	0.003608	0.004654	0.004471	0.004668	0.002273
8.05	0.003911	0.003253	0.004196	0.004031	0.004209	0.002049
8.10	0.003526	0.002932	0.003782	0.003634	0.003794	0.001847
8.15	0.002593	0.002157	0.002782	0.002673	0.002790	0.001359
8.20	0.002250	0.001871	0.002413	0.002319	0.002421	0.001179
8.25	0.001943	0.001616	0.002084	0.002003	0.002091	0.001018
8.30	0.001671	0.001390	0.001792	0.001722	0.001798	0.000875
8.35	0.001430	0.001189	0.001534	0.001474	0.001539	0.000749
8.40	0.001218	0.001013	0.001307	0.001255	0.001311	0.000638
8.45	0.001032	0.000859	0.001107	0.001064	0.001111	0.000541
8.50	0.000870	0.000724	0.000934	0.000897	0.000936	0.000456
8.55	0.000730	0.000607	0.000783	0.000752	0.000785	0.000382
8.60	0.000608	0.000506	0.000653	0.000627	0.000655	0.000319
8.65	0.000504	0.000419	0.000541	0.000520	0.000543	0.000264
8.70	0.000415	0.000345	0.000446	0.000428	0.000447	0.000218
8.75	0.000340	0.000283	0.000365	0.000350	0.000366	0.000178
8.80	0.000276	0.000230	0.000297	0.000285	0.000298	0.000145
8.85	0.000223	0.000186	0.000240	0.000230	0.000240	0.000117
8.90	0.000179	0.000149	0.000192	0.000185	0.000193	0.000094
8.95	0.000143	0.000119	0.000153	0.000147	0.000154	0.000075
9.00	0.000113	0.000094	0.000121	0.000116	0.000121	0.000059
9.05	0.000088	0.000074	0.000095	0.000091	0.000095	0.000046
9.10	0.000069	0.000057	0.000074	0.000071	0.000074	0.000036
9.15	0.000053	0.000044	0.000057	0.000055	0.000057	0.000028
9.20	0.000041	0.000034	0.000044	0.000042	0.000044	0.000021
9.25	0.000031	0.000026	0.000033	0.000032	0.000033	0.000016
9.30	0.000023	0.000019	0.000025	0.000024	0.000025	0.000012
9.35	0.000017	0.000014	0.000018	0.000018	0.000019	0.000009
9.40	0.000013	0.000011	0.000014	0.000013	0.000014	0.000007
9.45	0.000009	0.000008	0.000010	0.000010	0.000010	0.000005
9.50	0.000007	0.000006	0.000007	0.000007	0.000007	0.000003
9.55	0.000005	0.000004	0.000005	0.000005	0.000005	0.000002
9.60	0.000003	0.000003	0.000004	0.000003	0.000004	0.000002
9.65	0.000002	0.000002	0.000003	0.000002	0.000003	0.000001
9.70	0.000002	0.000001	0.000002	0.000002	0.000002	0.000001
9.75	0.000001	0.000001	0.000001	0.000001	0.000001	0.000001
9.80	0.000001	0.000001	0.000001	0.000001	0.000001	0.000000
9.85	0.000000	0.000000	0.000001	0.000001	0.000001	0.000000
9.90	0.000000	0.000000	0.000000	0.000000	0.000000	0.000000
9.95	0.000000	0.000000	0.000000	0.000000	0.000000	0.000000
10.00	0.000000	0.000000	0.000000	0.000000	0.000000	0.000000
10.05	0.000000	0.000000	0.000000	0.000000	0.000000	0.000000
10.10	0.000000	0.000000	0.000000	0.000000	0.000000	0.000000
10.15	0.000000	0.000000	0.000000	0.000000	0.000000	0.000000
10.20	0.000000	0.000000	0.000000	0.000000	0.000000	0.000000
10.25	0.000000	0.000000	0.000000	0.000000	0.000000	0.000000
10.30	0.000000	0.000000	0.000000	0.000000	0.000000	0.000000
10.35	0.000000	0.000000	0.000000	0.000000	0.000000	0.000000
10.40	0.000000	0.000000	0.000000	0.000000	0.000000	0.000000
10.45	0.000000	0.000000	0.000000	0.000000	0.000000	0.000000
10.50	0.000000	0.000000	0.000000	0.000000	0.000000	0.000000
10.55	0.000000	0.000000	0.000000	0.000000	0.000000	0.000000
10.60	0.000000	0.000000	0.000000	0.000000	0.000000	0.000000
10.65	0.000000	0.000000	0.000000	0.000000	0.000000	0.000000
10.70	0.000000	0.000000	0.000000	0.000000	0.000000	0.000000
10.75	0.000000	0.000000	0.000000	0.000000	0.000000	0.000000
10.80	0.000000	0.000000	0.000000	0.000000	0.000000	0.000000
10.85	0.000000	0.000000	0.000000	0.000000	0.000000	0.000000
10.90	0.000000	0.000000	0.000000	0.000000	0.000000	0.000000
10.95	0.000000	0.000000	0.000000	0.000000	0.000000	0.000000
11.00	0.000000	0.000000	0.000000	0.000000	0.000000	0.000000
11.05	0.000000	0.000000	0.000000	0.000000	0.000000	0.000000
11.10	0.000000	0.000000	0.000000	0.000000	0.000000	0.000000
11.15	0.000000	0.000000	0.000000	0.000000	0.000000	0.000000
11.20	0.000000	0.000000	0.000000	0.000000	0.000000	0.000000
11.25	0.000000	0.000000	0.000000	0.000000	0.000000	0.000000
11.30	0.000000	0.000000	0.000000	0.000000	0.000000	0.000000
11.35	0.000000	0.000000	0.000000	0.000000	0.000000	0.000000
11.40	0.000000	0.000000	0.000000	0.000000	0.000000	0.000000
11.45	0.000000	0.000000	0.000000	0.000000	0.000000	0.000000
11.50	0.000000	0.000000	0.000000	0.000000	0.000000	0.000000
11.55	0.000000	0.000000	0.000000	0.000000	0.000000	0.000000
11.60	0.000000	0.000000	0.000000	0.000000	0.000000	0.000000
11.65	0.000000	0.000000	0.000000	0.000000	0.000000	0.000000
11.70	0.000000	0.000000	0.000000	0.000000	0.000000	0.000000
11.75	0.000000	0.000000	0.000000	0.000000	0.000000	0.000000
11.80	0.000000	0.000000	0.000000	0.000000	0.000000	0.000000
11.85	0.000000	0.000000	0.000000	0.000000	0.000000	0.000000
11.90	0.000000	0.000000	0.000000	0.000000	0.000000	0.000000
11.95	0.000000	0.000000	0.000000	0.000000	0.000000	0.000000
12.00	0.000000	0.000000	0.000000	0.000000	0.000000	0.000000
12.05	0.000000	0.000000	0.000000	0.000000	0.000000	0.000000
12.10	0.000000	0.000000	0.000000	0.000000	0.000000	0.000000
12.15	0.000000	0.000000	0.000000	0.000000	0.000000	0.000000
12.20	0.000000	0.000000	0.000000	0.000000	0.000000	0.000000
12.25	0.000000	0.000000	0.000000	0.000000	0.000000	0.000000
12.30	0.000000	0.000000	0.000000	0.000000	0.000000	0.000000
12.35	0.000000	0.000000	0.000000	0.000000	0.000000	0.000000
12.40	0.000000	0.000000	0.000000	0.000000	0.000000	0.000000
12.45	0.000000	0.000000	0.000000	0.000000	0.000000	0.000000
12.50	0.000000	0.000000	0.000000	0.000000	0.000000	0.000000
12.55	0.000000	0.000000	0.000000	0.000000	0.000000	0.000000
12.60	0.000000	0.000000	0.000000	0.000000	0.000000	0.000000
12.65	0.000000	0.000000	0.000000	0.000000	0.000000	0.000000
12.70	0.000000	0.000000	0.000000	0.000000	0.000000	0.000000
12.75	0.000000	0.000000	0.000000	0.000000	0.000000	0.000000
