# Fission Isotope Spectra
#  Huber model, as provided by Christine Lewis
#    P. Huber and T. Schwetz, Phys. Rev. D70, 053011 (2004)
#
# The columns have the following definitions:
#   Enu: Antineutrino energy [MeV]
#   dNdE_XXX: Antineutrino spectrum [antineutrinos MeV^-1 fission^-1]
#Enu     dNdE_U235    dNdE_U238   dNdE_Pu239   dNdE_Pu241
1.800 1.555578e+00 1.485232e+00 1.300606e+00 1.448127e+00
1.810 1.542217e+00 1.480898e+00 1.288505e+00 1.437875e+00
1.820 1.529055e+00 1.476539e+00 1.276596e+00 1.427733e+00
1.830 1.516087e+00 1.472155e+00 1.264874e+00 1.417696e+00
1.840 1.503310e+00 1.467745e+00 1.253333e+00 1.407765e+00
1.850 1.490718e+00 1.463311e+00 1.241970e+00 1.397935e+00
1.860 1.478307e+00 1.458852e+00 1.230780e+00 1.388205e+00
1.870 1.466073e+00 1.454369e+00 1.219758e+00 1.378574e+00
1.880 1.454013e+00 1.449862e+00 1.208901e+00 1.369039e+00
1.890 1.442121e+00 1.445332e+00 1.198205e+00 1.359598e+00
1.900 1.430394e+00 1.440779e+00 1.187665e+00 1.350249e+00
1.910 1.418828e+00 1.436203e+00 1.177277e+00 1.340991e+00
1.920 1.407420e+00 1.431605e+00 1.167039e+00 1.331822e+00
1.930 1.396165e+00 1.426984e+00 1.156946e+00 1.322740e+00
1.940 1.385061e+00 1.422342e+00 1.146994e+00 1.313743e+00
1.950 1.374104e+00 1.417679e+00 1.137181e+00 1.304829e+00
1.960 1.363290e+00 1.412995e+00 1.127503e+00 1.295998e+00
1.970 1.352616e+00 1.408290e+00 1.117957e+00 1.287248e+00
1.980 1.342080e+00 1.403565e+00 1.108539e+00 1.278576e+00
1.990 1.331677e+00 1.398820e+00 1.099246e+00 1.269981e+00
2.000 1.391646e+00 1.480000e+00 1.106427e+00 1.287160e+00
2.010 1.382689e+00 1.472343e+00 1.099586e+00 1.279533e+00
2.020 1.373789e+00 1.464726e+00 1.092787e+00 1.271952e+00
2.030 1.364947e+00 1.457147e+00 1.086029e+00 1.264415e+00
2.040 1.356161e+00 1.449609e+00 1.079314e+00 1.256923e+00
2.050 1.347432e+00 1.442109e+00 1.072640e+00 1.249476e+00
2.060 1.338495e+00 1.434648e+00 1.065802e+00 1.241850e+00
2.070 1.329617e+00 1.427225e+00 1.059007e+00 1.234271e+00
2.080 1.320797e+00 1.419841e+00 1.052255e+00 1.226739e+00
2.090 1.312036e+00 1.412496e+00 1.045546e+00 1.219252e+00
2.100 1.303333e+00 1.405188e+00 1.038880e+00 1.211811e+00
2.110 1.294411e+00 1.397918e+00 1.032043e+00 1.204190e+00
2.120 1.285550e+00 1.390685e+00 1.025252e+00 1.196618e+00
2.130 1.276750e+00 1.383490e+00 1.018505e+00 1.189093e+00
2.140 1.268009e+00 1.376333e+00 1.011802e+00 1.181615e+00
2.150 1.259329e+00 1.369212e+00 1.005143e+00 1.174185e+00
2.160 1.250424e+00 1.362128e+00 9.983093e-01 1.166565e+00
2.170 1.241582e+00 1.355081e+00 9.915216e-01 1.158995e+00
2.180 1.232802e+00 1.348070e+00 9.847801e-01 1.151474e+00
2.190 1.224085e+00 1.341096e+00 9.780844e-01 1.144002e+00
2.200 1.215429e+00 1.334157e+00 9.714342e-01 1.136578e+00
2.210 1.206545e+00 1.327255e+00 9.644029e-01 1.128940e+00
2.220 1.197726e+00 1.320388e+00 9.574225e-01 1.121354e+00
2.230 1.188972e+00 1.313557e+00 9.504926e-01 1.113818e+00
2.240 1.180281e+00 1.306761e+00 9.436129e-01 1.106334e+00
2.250 1.171654e+00 1.300000e+00 9.367830e-01 1.098899e+00
2.260 1.162809e+00 1.293640e+00 9.285547e-01 1.091128e+00
2.270 1.154030e+00 1.287312e+00 9.203987e-01 1.083411e+00
2.280 1.145318e+00 1.281014e+00 9.123142e-01 1.075750e+00
2.290 1.136671e+00 1.274747e+00 9.043008e-01 1.068142e+00
2.300 1.128089e+00 1.268511e+00 8.963578e-01 1.060588e+00
2.310 1.119265e+00 1.262305e+00 8.879286e-01 1.052794e+00
2.320 1.110509e+00 1.256130e+00 8.795786e-01 1.045057e+00
2.330 1.101821e+00 1.249985e+00 8.713071e-01 1.037377e+00
2.340 1.093202e+00 1.243870e+00 8.631134e-01 1.029753e+00
2.350 1.084650e+00 1.237785e+00 8.549968e-01 1.022185e+00
2.360 1.075839e+00 1.231729e+00 8.465666e-01 1.014395e+00
2.370 1.067100e+00 1.225704e+00 8.382196e-01 1.006663e+00
2.380 1.058432e+00 1.219707e+00 8.299549e-01 9.989907e-01
2.390 1.049834e+00 1.213741e+00 8.217716e-01 9.913766e-01
2.400 1.041306e+00 1.207803e+00 8.136690e-01 9.838206e-01
2.410 1.032512e+00 1.201894e+00 8.052367e-01 9.760308e-01
2.420 1.023792e+00 1.196014e+00 7.968918e-01 9.683027e-01
2.430 1.015145e+00 1.190163e+00 7.886334e-01 9.606358e-01
2.440 1.006571e+00 1.184341e+00 7.804606e-01 9.530296e-01
2.450 9.980702e-01 1.178547e+00 7.723724e-01 9.454836e-01
2.460 9.895942e-01 1.172782e+00 7.644832e-01 9.380635e-01
2.470 9.811901e-01 1.167044e+00 7.566745e-01 9.307017e-01
2.480 9.728573e-01 1.161335e+00 7.489456e-01 9.233976e-01
2.490 9.645952e-01 1.155654e+00 7.412956e-01 9.161508e-01
2.500 9.564032e-01 1.150000e+00 7.337238e-01 9.089609e-01
2.510 9.494632e-01 1.143589e+00 7.289644e-01 9.036361e-01
2.520 9.425732e-01 1.137214e+00 7.242358e-01 8.983424e-01
2.530 9.357329e-01 1.130874e+00 7.195379e-01 8.930797e-01
2.540 9.289420e-01 1.124569e+00 7.148704e-01 8.878477e-01
2.550 9.222001e-01 1.118300e+00 7.102331e-01 8.826464e-01
2.560 9.155925e-01 1.112065e+00 7.060179e-01 8.776943e-01
2.570 9.090320e-01 1.105866e+00 7.018277e-01 8.727700e-01
2.580 9.025182e-01 1.099701e+00 6.976623e-01 8.678733e-01
2.590 8.960508e-01 1.093570e+00 6.935216e-01 8.630040e-01
2.600 8.896294e-01 1.087474e+00 6.894055e-01 8.581619e-01
2.610 8.830528e-01 1.081411e+00 6.851982e-01 8.532180e-01
2.620 8.765246e-01 1.075382e+00 6.810166e-01 8.483025e-01
2.630 8.700443e-01 1.069387e+00 6.768605e-01 8.434153e-01
2.640 8.636117e-01 1.063425e+00 6.727297e-01 8.385562e-01
2.650 8.572263e-01 1.057497e+00 6.686241e-01 8.337251e-01
2.660 8.506805e-01 1.051602e+00 6.644251e-01 8.287888e-01
2.670 8.441845e-01 1.045739e+00 6.602525e-01 8.238817e-01
2.680 8.377378e-01 1.039909e+00 6.561061e-01 8.190036e-01
2.690 8.313400e-01 1.034112e+00 6.519856e-01 8.141544e-01
2.700 8.249908e-01 1.028347e+00 6.478910e-01 8.093338e-01
2.710 8.186072e-01 1.022614e+00 6.436641e-01 8.043009e-01
2.720 8.122727e-01 1.016913e+00 6.394648e-01 7.992993e-01
2.730 8.059869e-01 1.011244e+00 6.352928e-01 7.943288e-01
2.740 7.997496e-01 1.005606e+00 6.311481e-01 7.893891e-01
2.750 7.935602e-01 1.000000e+00 6.270303e-01 7.844801e-01
2.760 7.879936e-01 9.947184e-01 6.225975e-01 7.788281e-01
2.770 7.824658e-01 9.894648e-01 6.181960e-01 7.732167e-01
2.780 7.769766e-01 9.842388e-01 6.138256e-01 7.676458e-01
2.790 7.715256e-01 9.790405e-01 6.094861e-01 7.621149e-01
2.800 7.661126e-01 9.738696e-01 6.051772e-01 7.566239e-01
2.810 7.607031e-01 9.687261e-01 6.007165e-01 7.508753e-01
2.820 7.553316e-01 9.636097e-01 5.962886e-01 7.451704e-01
2.830 7.499977e-01 9.585203e-01 5.918934e-01 7.395088e-01
2.840 7.447013e-01 9.534578e-01 5.875305e-01 7.338902e-01
2.850 7.394421e-01 9.484221e-01 5.831998e-01 7.283143e-01
2.860 7.340584e-01 9.434129e-01 5.787472e-01 7.225733e-01
2.870 7.287136e-01 9.384302e-01 5.743286e-01 7.168776e-01
2.880 7.234076e-01 9.334738e-01 5.699437e-01 7.112268e-01
2.890 7.181399e-01 9.285436e-01 5.655922e-01 7.056205e-01
2.900 7.129104e-01 9.236394e-01 5.612739e-01 7.000583e-01
2.910 7.075523e-01 9.187612e-01 5.568291e-01 6.943250e-01
2.920 7.022343e-01 9.139087e-01 5.524194e-01 6.886386e-01
2.930 6.969560e-01 9.090818e-01 5.480446e-01 6.829987e-01
2.940 6.917172e-01 9.042804e-01 5.437045e-01 6.774050e-01
2.950 6.865176e-01 8.995044e-01 5.393987e-01 6.718571e-01
2.960 6.813033e-01 8.947536e-01 5.349007e-01 6.662963e-01
2.970 6.761284e-01 8.900279e-01 5.304402e-01 6.607816e-01
2.980 6.709926e-01 8.853271e-01 5.260169e-01 6.553124e-01
2.990 6.658956e-01 8.806512e-01 5.216304e-01 6.498885e-01
3.000 6.608371e-01 8.760000e-01 5.172805e-01 6.445095e-01
3.010 6.566258e-01 8.709909e-01 5.125080e-01 6.400201e-01
3.020 6.524414e-01 8.660104e-01 5.077796e-01 6.355619e-01
3.030 6.482837e-01 8.610584e-01 5.030947e-01 6.311348e-01
3.040 6.441524e-01 8.561348e-01 4.984531e-01 6.267385e-01
3.050 6.400474e-01 8.512392e-01 4.938543e-01 6.223728e-01
3.060 6.359585e-01 8.463717e-01 4.890209e-01 6.180490e-01
3.070 6.318957e-01 8.415320e-01 4.842347e-01 6.137552e-01
3.080 6.278589e-01 8.367200e-01 4.794954e-01 6.094912e-01
3.090 6.238478e-01 8.319355e-01 4.748024e-01 6.052568e-01
3.100 6.198623e-01 8.271784e-01 4.701554e-01 6.010519e-01
3.110 6.157781e-01 8.224484e-01 4.653207e-01 5.967293e-01
3.120 6.117207e-01 8.177455e-01 4.605358e-01 5.924378e-01
3.130 6.076901e-01 8.130695e-01 4.558001e-01 5.881772e-01
3.140 6.036860e-01 8.084203e-01 4.511130e-01 5.839473e-01
3.150 5.997083e-01 8.037976e-01 4.464742e-01 5.797477e-01
3.160 5.956286e-01 7.992014e-01 4.416380e-01 5.754263e-01
3.170 5.915767e-01 7.946314e-01 4.368543e-01 5.711371e-01
3.180 5.875523e-01 7.900876e-01 4.321224e-01 5.668799e-01
3.190 5.835552e-01 7.855697e-01 4.274417e-01 5.626543e-01
3.200 5.795853e-01 7.810777e-01 4.228117e-01 5.584603e-01
3.210 5.754970e-01 7.766114e-01 4.182231e-01 5.541833e-01
3.220 5.714375e-01 7.721706e-01 4.136844e-01 5.499391e-01
3.230 5.674065e-01 7.677552e-01 4.091949e-01 5.457274e-01
3.240 5.634040e-01 7.633650e-01 4.047541e-01 5.415479e-01
3.250 5.594298e-01 7.590000e-01 4.003615e-01 5.374004e-01
3.260 5.552681e-01 7.539343e-01 3.972596e-01 5.333848e-01
3.270 5.511374e-01 7.489024e-01 3.941818e-01 5.293992e-01
3.280 5.470374e-01 7.439041e-01 3.911278e-01 5.254435e-01
3.290 5.429678e-01 7.389392e-01 3.880975e-01 5.215172e-01
3.300 5.389286e-01 7.340074e-01 3.850906e-01 5.176203e-01
3.310 5.347577e-01 7.291085e-01 3.822354e-01 5.136491e-01
3.320 5.306192e-01 7.242423e-01 3.794013e-01 5.097083e-01
3.330 5.265126e-01 7.194086e-01 3.765882e-01 5.057977e-01
3.340 5.224378e-01 7.146071e-01 3.737960e-01 5.019171e-01
3.350 5.183945e-01 7.098377e-01 3.710245e-01 4.980663e-01
3.360 5.142279e-01 7.051001e-01 3.681701e-01 4.940958e-01
3.370 5.100947e-01 7.003942e-01 3.653376e-01 4.901570e-01
3.380 5.059947e-01 6.957196e-01 3.625270e-01 4.862495e-01
3.390 5.019277e-01 6.910763e-01 3.597380e-01 4.823732e-01
3.400 4.978934e-01 6.864639e-01 3.569704e-01 4.785278e-01
3.410 4.937305e-01 6.818824e-01 3.541163e-01 4.745577e-01
3.420 4.896024e-01 6.773314e-01 3.512851e-01 4.706204e-01
3.430 4.855089e-01 6.728107e-01 3.484765e-01 4.667159e-01
3.440 4.814495e-01 6.683203e-01 3.456903e-01 4.628437e-01
3.450 4.774241e-01 6.638598e-01 3.429264e-01 4.590037e-01
3.460 4.733175e-01 6.594291e-01 3.400804e-01 4.550530e-01
3.470 4.692463e-01 6.550280e-01 3.372580e-01 4.511362e-01
3.480 4.652101e-01 6.506562e-01 3.344591e-01 4.472532e-01
3.490 4.612086e-01 6.463136e-01 3.316833e-01 4.434036e-01
3.500 4.572414e-01 6.420000e-01 3.289306e-01 4.395871e-01
3.510 4.534740e-01 6.375249e-01 3.261504e-01 4.357759e-01
3.520 4.497375e-01 6.330811e-01 3.233936e-01 4.319977e-01
3.530 4.460319e-01 6.286682e-01 3.206602e-01 4.282522e-01
3.540 4.423568e-01 6.242860e-01 3.179499e-01 4.245392e-01
3.550 4.387119e-01 6.199345e-01 3.152625e-01 4.208584e-01
3.560 4.349991e-01 6.156132e-01 3.124884e-01 4.170640e-01
3.570 4.313178e-01 6.113221e-01 3.097388e-01 4.133039e-01
3.580 4.276676e-01 6.070608e-01 3.070133e-01 4.095776e-01
3.590 4.240483e-01 6.028293e-01 3.043118e-01 4.058849e-01
3.600 4.204596e-01 5.986273e-01 3.016341e-01 4.022255e-01
3.610 4.167483e-01 5.944546e-01 2.988582e-01 3.984285e-01
3.620 4.130698e-01 5.903109e-01 2.961077e-01 3.946673e-01
3.630 4.094237e-01 5.861962e-01 2.933827e-01 3.909416e-01
3.640 4.058098e-01 5.821101e-01 2.906826e-01 3.872510e-01
3.650 4.022278e-01 5.780525e-01 2.880075e-01 3.835953e-01
3.660 3.985181e-01 5.740232e-01 2.852298e-01 3.797955e-01
3.670 3.948426e-01 5.700219e-01 2.824790e-01 3.760333e-01
3.680 3.912011e-01 5.660486e-01 2.797546e-01 3.723084e-01
3.690 3.875931e-01 5.621030e-01 2.770566e-01 3.686203e-01
3.700 3.840184e-01 5.581848e-01 2.743845e-01 3.649689e-01
3.710 3.804069e-01 5.542940e-01 2.716181e-01 3.613147e-01
3.720 3.768294e-01 5.504303e-01 2.688795e-01 3.576972e-01
3.730 3.732855e-01 5.465935e-01 2.661685e-01 3.541159e-01
3.740 3.697749e-01 5.427835e-01 2.634849e-01 3.505704e-01
3.750 3.662974e-01 5.390000e-01 2.608283e-01 3.470604e-01
3.760 3.632688e-01 5.351706e-01 2.581407e-01 3.442914e-01
3.770 3.602652e-01 5.313685e-01 2.554807e-01 3.415444e-01
3.780 3.572865e-01 5.275933e-01 2.528481e-01 3.388194e-01
3.790 3.543324e-01 5.238450e-01 2.502426e-01 3.361161e-01
3.800 3.514027e-01 5.201233e-01 2.476640e-01 3.334343e-01
3.810 3.484723e-01 5.164281e-01 2.449875e-01 3.308115e-01
3.820 3.455663e-01 5.127591e-01 2.423398e-01 3.282094e-01
3.830 3.426846e-01 5.091161e-01 2.397208e-01 3.256277e-01
3.840 3.398268e-01 5.054991e-01 2.371301e-01 3.230664e-01
3.850 3.369929e-01 5.019077e-01 2.345673e-01 3.205251e-01
3.860 3.340637e-01 4.983419e-01 2.318878e-01 3.179012e-01
3.870 3.311599e-01 4.948014e-01 2.292389e-01 3.152987e-01
3.880 3.282814e-01 4.912860e-01 2.266202e-01 3.127176e-01
3.890 3.254279e-01 4.877956e-01 2.240315e-01 3.101576e-01
3.900 3.225992e-01 4.843301e-01 2.214723e-01 3.076185e-01
3.910 3.196713e-01 4.808891e-01 2.187898e-01 3.049933e-01
3.920 3.167701e-01 4.774726e-01 2.161398e-01 3.023904e-01
3.930 3.138952e-01 4.740804e-01 2.135219e-01 2.998098e-01
3.940 3.110464e-01 4.707122e-01 2.109357e-01 2.972512e-01
3.950 3.082234e-01 4.673680e-01 2.083808e-01 2.947145e-01
3.960 3.053363e-01 4.640476e-01 2.058386e-01 2.921035e-01
3.970 3.024762e-01 4.607507e-01 2.033274e-01 2.895157e-01
3.980 2.996429e-01 4.574773e-01 2.008468e-01 2.869508e-01
3.990 2.968362e-01 4.542271e-01 1.983964e-01 2.844086e-01
4.000 2.940558e-01 4.510000e-01 1.959760e-01 2.818890e-01
4.010 2.914382e-01 4.472971e-01 1.942921e-01 2.793758e-01
4.020 2.888439e-01 4.436247e-01 1.926227e-01 2.768850e-01
4.030 2.862727e-01 4.399824e-01 1.909676e-01 2.744164e-01
4.040 2.837245e-01 4.363700e-01 1.893268e-01 2.719698e-01
4.050 2.811989e-01 4.327872e-01 1.877000e-01 2.695450e-01
4.060 2.786195e-01 4.292339e-01 1.861566e-01 2.670457e-01
4.070 2.760639e-01 4.257098e-01 1.846259e-01 2.645695e-01
4.080 2.735316e-01 4.222145e-01 1.831078e-01 2.621163e-01
4.090 2.710226e-01 4.187480e-01 1.816022e-01 2.596859e-01
4.100 2.685367e-01 4.153100e-01 1.801090e-01 2.572780e-01
4.110 2.659556e-01 4.119001e-01 1.785645e-01 2.547762e-01
4.120 2.633993e-01 4.085183e-01 1.770333e-01 2.522988e-01
4.130 2.608676e-01 4.051642e-01 1.755152e-01 2.498454e-01
4.140 2.583603e-01 4.018377e-01 1.740102e-01 2.474159e-01
4.150 2.558770e-01 3.985385e-01 1.725180e-01 2.450100e-01
4.160 2.532937e-01 3.952663e-01 1.709724e-01 2.425057e-01
4.170 2.507365e-01 3.920211e-01 1.694406e-01 2.400271e-01
4.180 2.482052e-01 3.888025e-01 1.679225e-01 2.375737e-01
4.190 2.456994e-01 3.856103e-01 1.664180e-01 2.351454e-01
4.200 2.432188e-01 3.824443e-01 1.649270e-01 2.327420e-01
4.210 2.406966e-01 3.793043e-01 1.633487e-01 2.302726e-01
4.220 2.382005e-01 3.761901e-01 1.617855e-01 2.278293e-01
4.230 2.357302e-01 3.731014e-01 1.602372e-01 2.254120e-01
4.240 2.332856e-01 3.700381e-01 1.587038e-01 2.230203e-01
4.250 2.308664e-01 3.670000e-01 1.571850e-01 2.206540e-01
4.260 2.287185e-01 3.637091e-01 1.554154e-01 2.184073e-01
4.270 2.265907e-01 3.604476e-01 1.536657e-01 2.161835e-01
4.280 2.244826e-01 3.572155e-01 1.519357e-01 2.139823e-01
4.290 2.223941e-01 3.540123e-01 1.502252e-01 2.118036e-01
4.300 2.203251e-01 3.508378e-01 1.485340e-01 2.096470e-01
4.310 2.182383e-01 3.476918e-01 1.467305e-01 2.074356e-01
4.320 2.161713e-01 3.445740e-01 1.449490e-01 2.052476e-01
4.330 2.141239e-01 3.414842e-01 1.431890e-01 2.030826e-01
4.340 2.120958e-01 3.384220e-01 1.414505e-01 2.009405e-01
4.350 2.100870e-01 3.353874e-01 1.397330e-01 1.988210e-01
4.360 2.079989e-01 3.323799e-01 1.379265e-01 1.966068e-01
4.370 2.059315e-01 3.293994e-01 1.361433e-01 1.944173e-01
4.380 2.038847e-01 3.264456e-01 1.343832e-01 1.922522e-01
4.390 2.018583e-01 3.235184e-01 1.326459e-01 1.901112e-01
4.400 1.998520e-01 3.206173e-01 1.309310e-01 1.879940e-01
4.410 1.977621e-01 3.177423e-01 1.291215e-01 1.857769e-01
4.420 1.956941e-01 3.148931e-01 1.273369e-01 1.835860e-01
4.430 1.936477e-01 3.120694e-01 1.255771e-01 1.814209e-01
4.440 1.916228e-01 3.092710e-01 1.238416e-01 1.792813e-01
4.450 1.896190e-01 3.064978e-01 1.221300e-01 1.771670e-01
4.460 1.875762e-01 3.037494e-01 1.203906e-01 1.750139e-01
4.470 1.855555e-01 3.010256e-01 1.186759e-01 1.728870e-01
4.480 1.835565e-01 2.983263e-01 1.169856e-01 1.707859e-01
4.490 1.815791e-01 2.956511e-01 1.153194e-01 1.687103e-01
4.500 1.796230e-01 2.930000e-01 1.136770e-01 1.666600e-01
4.510 1.778768e-01 2.902769e-01 1.123757e-01 1.649050e-01
4.520 1.761475e-01 2.875791e-01 1.110894e-01 1.631685e-01
4.530 1.744351e-01 2.849063e-01 1.098178e-01 1.614503e-01
4.540 1.727393e-01 2.822584e-01 1.085607e-01 1.597502e-01
4.550 1.710600e-01 2.796351e-01 1.073180e-01 1.580680e-01
4.560 1.693612e-01 2.770362e-01 1.060881e-01 1.563778e-01
4.570 1.676793e-01 2.744614e-01 1.048724e-01 1.547058e-01
4.580 1.660140e-01 2.719106e-01 1.036705e-01 1.530515e-01
4.590 1.643653e-01 2.693835e-01 1.024825e-01 1.514150e-01
4.600 1.627330e-01 2.668798e-01 1.013080e-01 1.497960e-01
4.610 1.610324e-01 2.643995e-01 1.000764e-01 1.481038e-01
4.620 1.593496e-01 2.619422e-01 9.885972e-02 1.464307e-01
4.630 1.576844e-01 2.595077e-01 9.765786e-02 1.447765e-01
4.640 1.560366e-01 2.570958e-01 9.647062e-02 1.431410e-01
4.650 1.544060e-01 2.547064e-01 9.529780e-02 1.415240e-01
4.660 1.527035e-01 2.523392e-01 9.406426e-02 1.398295e-01
4.670 1.510197e-01 2.499939e-01 9.284668e-02 1.381553e-01
4.680 1.493545e-01 2.476705e-01 9.164486e-02 1.365011e-01
4.690 1.477077e-01 2.453687e-01 9.045860e-02 1.348668e-01
4.700 1.460790e-01 2.430882e-01 8.928770e-02 1.332520e-01
4.710 1.444463e-01 2.408290e-01 8.809441e-02 1.316270e-01
4.720 1.428319e-01 2.385907e-01 8.691706e-02 1.300219e-01
4.730 1.412355e-01 2.363733e-01 8.575545e-02 1.284364e-01
4.740 1.396569e-01 2.341764e-01 8.460937e-02 1.268701e-01
4.750 1.380960e-01 2.320000e-01 8.347860e-02 1.253230e-01
4.760 1.368920e-01 2.298087e-01 8.253698e-02 1.241272e-01
4.770 1.356985e-01 2.276381e-01 8.160597e-02 1.229428e-01
4.780 1.345154e-01 2.254881e-01 8.068547e-02 1.217697e-01
4.790 1.333426e-01 2.233583e-01 7.977535e-02 1.206078e-01
4.800 1.321800e-01 2.212486e-01 7.887550e-02 1.194570e-01
4.810 1.310465e-01 2.191589e-01 7.797474e-02 1.183314e-01
4.820 1.299228e-01 2.170889e-01 7.708427e-02 1.172164e-01
4.830 1.288087e-01 2.150385e-01 7.620396e-02 1.161119e-01
4.840 1.277041e-01 2.130074e-01 7.533371e-02 1.150178e-01
4.850 1.266090e-01 2.109955e-01 7.447340e-02 1.139340e-01
4.860 1.254747e-01 2.090026e-01 7.357139e-02 1.128073e-01
4.870 1.243505e-01 2.070286e-01 7.268031e-02 1.116918e-01
4.880 1.232364e-01 2.050731e-01 7.180002e-02 1.105873e-01
4.890 1.221322e-01 2.031362e-01 7.093039e-02 1.094938e-01
4.900 1.210380e-01 2.012175e-01 7.007130e-02 1.084110e-01
4.910 1.199027e-01 1.993170e-01 6.916788e-02 1.072832e-01
4.920 1.187781e-01 1.974344e-01 6.827611e-02 1.061671e-01
4.930 1.176640e-01 1.955696e-01 6.739584e-02 1.050626e-01
4.940 1.165603e-01 1.937224e-01 6.652692e-02 1.039696e-01
4.950 1.154670e-01 1.918927e-01 6.566920e-02 1.028880e-01
4.960 1.143535e-01 1.900802e-01 6.481193e-02 1.017849e-01
4.970 1.132508e-01 1.882849e-01 6.396585e-02 1.006936e-01
4.980 1.121587e-01 1.865065e-01 6.313081e-02 9.961405e-02
4.990 1.110771e-01 1.847449e-01 6.230668e-02 9.854605e-02
5.000 1.100060e-01 1.830000e-01 6.149330e-02 9.748950e-02
5.010 1.090284e-01 1.812035e-01 6.091893e-02 9.654111e-02
5.020 1.080594e-01 1.794246e-01 6.034993e-02 9.560194e-02
5.030 1.070991e-01 1.776631e-01 5.978623e-02 9.467191e-02
5.040 1.061473e-01 1.759190e-01 5.922781e-02 9.375092e-02
5.050 1.052040e-01 1.741919e-01 5.867460e-02 9.283890e-02
5.060 1.042486e-01 1.724819e-01 5.814669e-02 9.191549e-02
5.070 1.033019e-01 1.707886e-01 5.762352e-02 9.100127e-02
5.080 1.023638e-01 1.691119e-01 5.710506e-02 9.009614e-02
5.090 1.014342e-01 1.674517e-01 5.659127e-02 8.920001e-02
5.100 1.005130e-01 1.658078e-01 5.608210e-02 8.831280e-02
5.110 9.955655e-02 1.641801e-01 5.555374e-02 8.738843e-02
5.120 9.860920e-02 1.625683e-01 5.503035e-02 8.647374e-02
5.130 9.767087e-02 1.609723e-01 5.451190e-02 8.556862e-02
5.140 9.674146e-02 1.593921e-01 5.399833e-02 8.467297e-02
5.150 9.582090e-02 1.578273e-01 5.348960e-02 8.378670e-02
5.160 9.486364e-02 1.562779e-01 5.296075e-02 8.286126e-02
5.170 9.391595e-02 1.547437e-01 5.243712e-02 8.194604e-02
5.180 9.297773e-02 1.532245e-01 5.191867e-02 8.104094e-02
5.190 9.204887e-02 1.517203e-01 5.140535e-02 8.014582e-02
5.200 9.112930e-02 1.502308e-01 5.089710e-02 7.926060e-02
5.210 9.017926e-02 1.487560e-01 5.036814e-02 7.835341e-02
5.220 8.923912e-02 1.472956e-01 4.984468e-02 7.745660e-02
5.230 8.830878e-02 1.458496e-01 4.932665e-02 7.657006e-02
5.240 8.738814e-02 1.444178e-01 4.881401e-02 7.569366e-02
5.250 8.647710e-02 1.430000e-01 4.830670e-02 7.482730e-02
5.260 8.557533e-02 1.415071e-01 4.777983e-02 7.403531e-02
5.270 8.468296e-02 1.400298e-01 4.725871e-02 7.325171e-02
5.280 8.379990e-02 1.385680e-01 4.674327e-02 7.247639e-02
5.290 8.292604e-02 1.371214e-01 4.623346e-02 7.170929e-02
5.300 8.206130e-02 1.356899e-01 4.572920e-02 7.095030e-02
5.310 8.116673e-02 1.342733e-01 4.520211e-02 7.017676e-02
5.320 8.028191e-02 1.328715e-01 4.468109e-02 6.941164e-02
5.330 7.940673e-02 1.314844e-01 4.416608e-02 6.865488e-02
5.340 7.854110e-02 1.301117e-01 4.365701e-02 6.790636e-02
5.350 7.768490e-02 1.287534e-01 4.315380e-02 6.716600e-02
5.360 7.678920e-02 1.274093e-01 4.262596e-02 6.639150e-02
5.370 7.590383e-02 1.260791e-01 4.210459e-02 6.562594e-02
5.380 7.502867e-02 1.247629e-01 4.158958e-02 6.486920e-02
5.390 7.416360e-02 1.234604e-01 4.108088e-02 6.412119e-02
5.400 7.330850e-02 1.221715e-01 4.057840e-02 6.338180e-02
5.410 7.241154e-02 1.208961e-01 4.004972e-02 6.260619e-02
5.420 7.152555e-02 1.196340e-01 3.952793e-02 6.184007e-02
5.430 7.065040e-02 1.183850e-01 3.901294e-02 6.108332e-02
5.440 6.978596e-02 1.171491e-01 3.850466e-02 6.033584e-02
5.450 6.893210e-02 1.159261e-01 3.800300e-02 5.959750e-02
5.460 6.807728e-02 1.147159e-01 3.750824e-02 5.884258e-02
5.470 6.723306e-02 1.135183e-01 3.701993e-02 5.809721e-02
5.480 6.639931e-02 1.123332e-01 3.653797e-02 5.736129e-02
5.490 6.557590e-02 1.111605e-01 3.606229e-02 5.663469e-02
5.500 6.476270e-02 1.100000e-01 3.559280e-02 5.591730e-02
5.510 6.416625e-02 1.087939e-01 3.530438e-02 5.529237e-02
5.520 6.357530e-02 1.076010e-01 3.501830e-02 5.467442e-02
5.530 6.298979e-02 1.064211e-01 3.473454e-02 5.406337e-02
5.540 6.240967e-02 1.052543e-01 3.445308e-02 5.345916e-02
5.550 6.183490e-02 1.041002e-01 3.417390e-02 5.286170e-02
5.560 6.128088e-02 1.029587e-01 3.391940e-02 5.225776e-02
5.570 6.073183e-02 1.018298e-01 3.366679e-02 5.166071e-02
5.580 6.018769e-02 1.007133e-01 3.341606e-02 5.107049e-02
5.590 5.964843e-02 9.960897e-02 3.316721e-02 5.048701e-02
5.600 5.911400e-02 9.851678e-02 3.292020e-02 4.991020e-02
5.610 5.855954e-02 9.743656e-02 3.266553e-02 4.930542e-02
5.620 5.801027e-02 9.636819e-02 3.241283e-02 4.870797e-02
5.630 5.746616e-02 9.531153e-02 3.216209e-02 4.811776e-02
5.640 5.692715e-02 9.426646e-02 3.191328e-02 4.753470e-02
5.650 5.639320e-02 9.323285e-02 3.166640e-02 4.695870e-02
5.660 5.583822e-02 9.221057e-02 3.141159e-02 4.635297e-02
5.670 5.528871e-02 9.119950e-02 3.115883e-02 4.575506e-02
5.680 5.474460e-02 9.019952e-02 3.090811e-02 4.516486e-02
5.690 5.420585e-02 8.921050e-02 3.065940e-02 4.458227e-02
5.700 5.367240e-02 8.823232e-02 3.041270e-02 4.400720e-02
5.710 5.312513e-02 8.726487e-02 3.013856e-02 4.342234e-02
5.720 5.258345e-02 8.630803e-02 2.986690e-02 4.284525e-02
5.730 5.204728e-02 8.536168e-02 2.959768e-02 4.227583e-02
5.740 5.151659e-02 8.442571e-02 2.933089e-02 4.171398e-02
5.750 5.099130e-02 8.350000e-02 2.906650e-02 4.115960e-02
5.760 5.049322e-02 8.251686e-02 2.867594e-02 4.070484e-02
5.770 5.000001e-02 8.154529e-02 2.829064e-02 4.025511e-02
5.780 4.951162e-02 8.058516e-02 2.791051e-02 3.981034e-02
5.790 4.902800e-02 7.963634e-02 2.753548e-02 3.937049e-02
5.800 4.854910e-02 7.869869e-02 2.716550e-02 3.893550e-02
5.810 4.805880e-02 7.777208e-02 2.675455e-02 3.850191e-02
5.820 4.757344e-02 7.685638e-02 2.634982e-02 3.807315e-02
5.830 4.709299e-02 7.595146e-02 2.595122e-02 3.764916e-02
5.840 4.661740e-02 7.505719e-02 2.555864e-02 3.722990e-02
5.850 4.614660e-02 7.417346e-02 2.517200e-02 3.681530e-02
5.860 4.565577e-02 7.330013e-02 2.476003e-02 3.638114e-02
5.870 4.517016e-02 7.243708e-02 2.435481e-02 3.595210e-02
5.880 4.468971e-02 7.158419e-02 2.395622e-02 3.552812e-02
5.890 4.421438e-02 7.074135e-02 2.356415e-02 3.510914e-02
5.900 4.374410e-02 6.990843e-02 2.317850e-02 3.469510e-02
5.910 4.325270e-02 6.908532e-02 2.276533e-02 3.426032e-02
5.920 4.276683e-02 6.827190e-02 2.235953e-02 3.383099e-02
5.930 4.228641e-02 6.746805e-02 2.196095e-02 3.340703e-02
5.940 4.181139e-02 6.667367e-02 2.156949e-02 3.298839e-02
5.950 4.134170e-02 6.588864e-02 2.118500e-02 3.257500e-02
5.960 4.085894e-02 6.511286e-02 2.078998e-02 3.213934e-02
5.970 4.038181e-02 6.434621e-02 2.040233e-02 3.170951e-02
5.980 3.991025e-02 6.358859e-02 2.002190e-02 3.128543e-02
5.990 3.944421e-02 6.283989e-02 1.964857e-02 3.086702e-02
6.000 3.898360e-02 6.210000e-02 1.928220e-02 3.045420e-02
6.010 3.855602e-02 6.141180e-02 1.900235e-02 3.001696e-02
6.020 3.813314e-02 6.073123e-02 1.872657e-02 2.958601e-02
6.030 3.771489e-02 6.005821e-02 1.845479e-02 2.916123e-02
6.040 3.730122e-02 5.939264e-02 1.818695e-02 2.874256e-02
6.050 3.689210e-02 5.873444e-02 1.792300e-02 2.832990e-02
6.060 3.647326e-02 5.808354e-02 1.766178e-02 2.789156e-02
6.070 3.605917e-02 5.743986e-02 1.740436e-02 2.746001e-02
6.080 3.564978e-02 5.680330e-02 1.715069e-02 2.703513e-02
6.090 3.524504e-02 5.617381e-02 1.690072e-02 2.661683e-02
6.100 3.484490e-02 5.555128e-02 1.665440e-02 2.620500e-02
6.110 3.442551e-02 5.493566e-02 1.639260e-02 2.576552e-02
6.120 3.401116e-02 5.432686e-02 1.613491e-02 2.533342e-02
6.130 3.360180e-02 5.372481e-02 1.588127e-02 2.490856e-02
6.140 3.319737e-02 5.312942e-02 1.563162e-02 2.449083e-02
6.150 3.279780e-02 5.254064e-02 1.538590e-02 2.408010e-02
6.160 3.237774e-02 5.195838e-02 1.512337e-02 2.363929e-02
6.170 3.196305e-02 5.138257e-02 1.486532e-02 2.320656e-02
6.180 3.155368e-02 5.081315e-02 1.461168e-02 2.278174e-02
6.190 3.114955e-02 5.025003e-02 1.436236e-02 2.236470e-02
6.200 3.075060e-02 4.969316e-02 1.411730e-02 2.195530e-02
6.210 3.034679e-02 4.914246e-02 1.387265e-02 2.154632e-02
6.220 2.994829e-02 4.859786e-02 1.363223e-02 2.114497e-02
6.230 2.955502e-02 4.805929e-02 1.339598e-02 2.075109e-02
6.240 2.916691e-02 4.752669e-02 1.316383e-02 2.036454e-02
6.250 2.878390e-02 4.700000e-02 1.293570e-02 1.998520e-02
6.260 2.848072e-02 4.649104e-02 1.280096e-02 1.977246e-02
6.270 2.818073e-02 4.598759e-02 1.266763e-02 1.956198e-02
6.280 2.788391e-02 4.548960e-02 1.253568e-02 1.935375e-02
6.290 2.759021e-02 4.499699e-02 1.240511e-02 1.914773e-02
6.300 2.729960e-02 4.450972e-02 1.227590e-02 1.894390e-02
6.310 2.701284e-02 4.402773e-02 1.215912e-02 1.876316e-02
6.320 2.672909e-02 4.355096e-02 1.204345e-02 1.858415e-02
6.330 2.644832e-02 4.307935e-02 1.192888e-02 1.840685e-02
6.340 2.617050e-02 4.261284e-02 1.181540e-02 1.823124e-02
6.350 2.589560e-02 4.215139e-02 1.170300e-02 1.805730e-02
6.360 2.560853e-02 4.169494e-02 1.158611e-02 1.787641e-02
6.370 2.532463e-02 4.124343e-02 1.147038e-02 1.769734e-02
6.380 2.504389e-02 4.079680e-02 1.135582e-02 1.752005e-02
6.390 2.476626e-02 4.035502e-02 1.124239e-02 1.734455e-02
6.400 2.449170e-02 3.991802e-02 1.113010e-02 1.717080e-02
6.410 2.420425e-02 3.948575e-02 1.101309e-02 1.698972e-02
6.420 2.392018e-02 3.905816e-02 1.089730e-02 1.681055e-02
6.430 2.363944e-02 3.863520e-02 1.078273e-02 1.663327e-02
6.440 2.336199e-02 3.821682e-02 1.066937e-02 1.645786e-02
6.450 2.308780e-02 3.780298e-02 1.055720e-02 1.628430e-02
6.460 2.280724e-02 3.739361e-02 1.044226e-02 1.610272e-02
6.470 2.253010e-02 3.698868e-02 1.032858e-02 1.592316e-02
6.480 2.225632e-02 3.658813e-02 1.021613e-02 1.574560e-02
6.490 2.198587e-02 3.619192e-02 1.010491e-02 1.557002e-02
6.500 2.171870e-02 3.580000e-02 9.994900e-03 1.539640e-02
6.510 2.148152e-02 3.540352e-02 9.893024e-03 1.521288e-02
6.520 2.124692e-02 3.501144e-02 9.792187e-03 1.503154e-02
6.530 2.101489e-02 3.462369e-02 9.692377e-03 1.485237e-02
6.540 2.078539e-02 3.424024e-02 9.593585e-03 1.467533e-02
6.550 2.055840e-02 3.386104e-02 9.495800e-03 1.450040e-02
6.560 2.032820e-02 3.348604e-02 9.396011e-03 1.431630e-02
6.570 2.010058e-02 3.311518e-02 9.297270e-03 1.413455e-02
6.580 1.987551e-02 3.274844e-02 9.199567e-03 1.395510e-02
6.590 1.965296e-02 3.238576e-02 9.102890e-03 1.377792e-02
6.600 1.943290e-02 3.202709e-02 9.007230e-03 1.360300e-02
6.610 1.920240e-02 3.167240e-02 8.907326e-03 1.341861e-02
6.620 1.897463e-02 3.132164e-02 8.808531e-03 1.323672e-02
6.630 1.874956e-02 3.097476e-02 8.710831e-03 1.305729e-02
6.640 1.852716e-02 3.063172e-02 8.614215e-03 1.288030e-02
6.650 1.830740e-02 3.029248e-02 8.518670e-03 1.270570e-02
6.660 1.807655e-02 2.995699e-02 8.418634e-03 1.252092e-02
6.670 1.784861e-02 2.962523e-02 8.319773e-03 1.233883e-02
6.680 1.762355e-02 2.929713e-02 8.222072e-03 1.215939e-02
6.690 1.740132e-02 2.897267e-02 8.125519e-03 1.198256e-02
6.700 1.718190e-02 2.865181e-02 8.030100e-03 1.180830e-02
6.710 1.695560e-02 2.833450e-02 7.929282e-03 1.163017e-02
6.720 1.673227e-02 2.802070e-02 7.829730e-03 1.145472e-02
6.730 1.651189e-02 2.771037e-02 7.731428e-03 1.128192e-02
6.740 1.629441e-02 2.740349e-02 7.634359e-03 1.111173e-02
6.750 1.607980e-02 2.710000e-02 7.538510e-03 1.094410e-02
6.760 1.588273e-02 2.674557e-02 7.433696e-03 1.080762e-02
6.770 1.568807e-02 2.639578e-02 7.330339e-03 1.067284e-02
6.780 1.549580e-02 2.605056e-02 7.228418e-03 1.053974e-02
6.790 1.530589e-02 2.570986e-02 7.127916e-03 1.040830e-02
6.800 1.511830e-02 2.537362e-02 7.028810e-03 1.027850e-02
6.810 1.492584e-02 2.504177e-02 6.923136e-03 1.014876e-02
6.820 1.473583e-02 2.471426e-02 6.819051e-03 1.002065e-02
6.830 1.454824e-02 2.439103e-02 6.716530e-03 9.894159e-03
6.840 1.436304e-02 2.407204e-02 6.615551e-03 9.769266e-03
6.850 1.418020e-02 2.375721e-02 6.516090e-03 9.645950e-03
6.860 1.398741e-02 2.344650e-02 6.410157e-03 9.515991e-03
6.870 1.379724e-02 2.313986e-02 6.305947e-03 9.387783e-03
6.880 1.360965e-02 2.283722e-02 6.203430e-03 9.261302e-03
6.890 1.342462e-02 2.253854e-02 6.102580e-03 9.136526e-03
6.900 1.324210e-02 2.224377e-02 6.003370e-03 9.013430e-03
6.910 1.304893e-02 2.195286e-02 5.897132e-03 8.883218e-03
6.920 1.285857e-02 2.166575e-02 5.792774e-03 8.754887e-03
6.930 1.267099e-02 2.138239e-02 5.690262e-03 8.628409e-03
6.940 1.248615e-02 2.110274e-02 5.589565e-03 8.503759e-03
6.950 1.230400e-02 2.082675e-02 5.490650e-03 8.380910e-03
6.960 1.211302e-02 2.055437e-02 5.388613e-03 8.249814e-03
6.970 1.192501e-02 2.028555e-02 5.288473e-03 8.120769e-03
6.980 1.173992e-02 2.002024e-02 5.190194e-03 7.993743e-03
6.990 1.155769e-02 1.975841e-02 5.093741e-03 7.868704e-03
7.000 1.137830e-02 1.950000e-02 4.999080e-03 7.745620e-03
7.010 1.120277e-02 1.920381e-02 4.923922e-03 7.610607e-03
7.020 1.102994e-02 1.891211e-02 4.849894e-03 7.477946e-03
7.030 1.085978e-02 1.862484e-02 4.776978e-03 7.347599e-03
7.040 1.069225e-02 1.834194e-02 4.705159e-03 7.219523e-03
7.050 1.052730e-02 1.806334e-02 4.634420e-03 7.093680e-03
7.060 1.035397e-02 1.778897e-02 4.563583e-03 6.957618e-03
7.070 1.018350e-02 1.751876e-02 4.493830e-03 6.824165e-03
7.080 1.001583e-02 1.725266e-02 4.425142e-03 6.693272e-03
7.090 9.850922e-03 1.699060e-02 4.357504e-03 6.564890e-03
7.100 9.688730e-03 1.673252e-02 4.290900e-03 6.438970e-03
7.110 9.514886e-03 1.647836e-02 4.219884e-03 6.302352e-03
7.120 9.344162e-03 1.622807e-02 4.150043e-03 6.168633e-03
7.130 9.176501e-03 1.598157e-02 4.081358e-03 6.037752e-03
7.140 9.011848e-03 1.573882e-02 4.013810e-03 5.909647e-03
7.150 8.850150e-03 1.549975e-02 3.947380e-03 5.784260e-03
7.160 8.675692e-03 1.526432e-02 3.876154e-03 5.646954e-03
7.170 8.504674e-03 1.503246e-02 3.806212e-03 5.512908e-03
7.180 8.337026e-03 1.480413e-02 3.737533e-03 5.382043e-03
7.190 8.172683e-03 1.457926e-02 3.670093e-03 5.254285e-03
7.200 8.011580e-03 1.435781e-02 3.603870e-03 5.129560e-03
7.210 7.845421e-03 1.413972e-02 3.534589e-03 5.000805e-03
7.220 7.682709e-03 1.392495e-02 3.466640e-03 4.875281e-03
7.230 7.523371e-03 1.371344e-02 3.399997e-03 4.752908e-03
7.240 7.367337e-03 1.350514e-02 3.334635e-03 4.633607e-03
7.250 7.214540e-03 1.330000e-02 3.270530e-03 4.517300e-03
7.260 7.101475e-03 1.307309e-02 3.214169e-03 4.443410e-03
7.270 6.990182e-03 1.285005e-02 3.158779e-03 4.370729e-03
7.280 6.880634e-03 1.263082e-02 3.104343e-03 4.299236e-03
7.290 6.772802e-03 1.241532e-02 3.050846e-03 4.228913e-03
7.300 6.666660e-03 1.220350e-02 2.998270e-03 4.159740e-03
7.310 6.562163e-03 1.199530e-02 2.943917e-03 4.094719e-03
7.320 6.459304e-03 1.179065e-02 2.890549e-03 4.030714e-03
7.330 6.358057e-03 1.158949e-02 2.838148e-03 3.967710e-03
7.340 6.258398e-03 1.139176e-02 2.786698e-03 3.905690e-03
7.350 6.160300e-03 1.119741e-02 2.736180e-03 3.844640e-03
7.360 6.055524e-03 1.100637e-02 2.681632e-03 3.779444e-03
7.370 5.952530e-03 1.081859e-02 2.628171e-03 3.715354e-03
7.380 5.851288e-03 1.063401e-02 2.575777e-03 3.652350e-03
7.390 5.751768e-03 1.045259e-02 2.524427e-03 3.590415e-03
7.400 5.653940e-03 1.027425e-02 2.474100e-03 3.529530e-03
7.410 5.548832e-03 1.009897e-02 2.419308e-03 3.464129e-03
7.420 5.445678e-03 9.926668e-03 2.365730e-03 3.399939e-03
7.430 5.344442e-03 9.757309e-03 2.313338e-03 3.336939e-03
7.440 5.245087e-03 9.590840e-03 2.262107e-03 3.275107e-03
7.450 5.147580e-03 9.427211e-03 2.212010e-03 3.214420e-03
7.460 5.046735e-03 9.266373e-03 2.158064e-03 3.151239e-03
7.470 4.947866e-03 9.108280e-03 2.105434e-03 3.089299e-03
7.480 4.850934e-03 8.952884e-03 2.054087e-03 3.028577e-03
7.490 4.755901e-03 8.800139e-03 2.003993e-03 2.969048e-03
7.500 4.662730e-03 8.650000e-03 1.955120e-03 2.910690e-03
7.510 4.589295e-03 8.524923e-03 1.907725e-03 2.861979e-03
7.520 4.517017e-03 8.401654e-03 1.861479e-03 2.814083e-03
7.530 4.445877e-03 8.280167e-03 1.816354e-03 2.766988e-03
7.540 4.375857e-03 8.160438e-03 1.772324e-03 2.720681e-03
7.550 4.306940e-03 8.042439e-03 1.729360e-03 2.675150e-03
7.560 4.237908e-03 7.926147e-03 1.682806e-03 2.628735e-03
7.570 4.169983e-03 7.811536e-03 1.637505e-03 2.583125e-03
7.580 4.103146e-03 7.698583e-03 1.593424e-03 2.538307e-03
7.590 4.037381e-03 7.587263e-03 1.550530e-03 2.494267e-03
7.600 3.972670e-03 7.477552e-03 1.508790e-03 2.450990e-03
7.610 3.903443e-03 7.369428e-03 1.461846e-03 2.404420e-03
7.620 3.835422e-03 7.262868e-03 1.416363e-03 2.358734e-03
7.630 3.768587e-03 7.157848e-03 1.372295e-03 2.313917e-03
7.640 3.702916e-03 7.054347e-03 1.329598e-03 2.269951e-03
7.650 3.638390e-03 6.952342e-03 1.288230e-03 2.226820e-03
7.660 3.568932e-03 6.851812e-03 1.240742e-03 2.180065e-03
7.670 3.500800e-03 6.752736e-03 1.195004e-03 2.134293e-03
7.680 3.433969e-03 6.655093e-03 1.150952e-03 2.089481e-03
7.690 3.368414e-03 6.558862e-03 1.108524e-03 2.045610e-03
7.700 3.304110e-03 6.464022e-03 1.067660e-03 2.002660e-03
7.710 3.236099e-03 6.370553e-03 1.024394e-03 1.957877e-03
7.720 3.169488e-03 6.278436e-03 9.828823e-04 1.914096e-03
7.730 3.104249e-03 6.187651e-03 9.430522e-04 1.871294e-03
7.740 3.040352e-03 6.098179e-03 9.048363e-04 1.829449e-03
7.750 2.977770e-03 6.010000e-03 8.681690e-04 1.788540e-03
7.760 2.919818e-03 5.903271e-03 8.530465e-04 1.756647e-03
7.770 2.862993e-03 5.798438e-03 8.381873e-04 1.725322e-03
7.780 2.807275e-03 5.695466e-03 8.235870e-04 1.694556e-03
7.790 2.752641e-03 5.594323e-03 8.092411e-04 1.664339e-03
7.800 2.699070e-03 5.494976e-03 7.951450e-04 1.634660e-03
7.810 2.642604e-03 5.397394e-03 7.844732e-04 1.604825e-03
7.820 2.587320e-03 5.301544e-03 7.739445e-04 1.575534e-03
7.830 2.533192e-03 5.207396e-03 7.635572e-04 1.546778e-03
7.840 2.480197e-03 5.114921e-03 7.533094e-04 1.518546e-03
7.850 2.428310e-03 5.024087e-03 7.431990e-04 1.490830e-03
7.860 2.371565e-03 4.934867e-03 7.325067e-04 1.460885e-03
7.870 2.316146e-03 4.847231e-03 7.219683e-04 1.431541e-03
7.880 2.262023e-03 4.761151e-03 7.115815e-04 1.402787e-03
7.890 2.209164e-03 4.676600e-03 7.013441e-04 1.374611e-03
7.900 2.157540e-03 4.593551e-03 6.912540e-04 1.347000e-03
7.910 2.100445e-03 4.511976e-03 6.805376e-04 1.316920e-03
7.920 2.044861e-03 4.431850e-03 6.699874e-04 1.287512e-03
7.930 1.990748e-03 4.353147e-03 6.596008e-04 1.258761e-03
7.940 1.938067e-03 4.275842e-03 6.493751e-04 1.230652e-03
7.950 1.886780e-03 4.199909e-03 6.393080e-04 1.203170e-03
7.960 1.829219e-03 4.125325e-03 6.285637e-04 1.172921e-03
7.970 1.773415e-03 4.052065e-03 6.179999e-04 1.143432e-03
7.980 1.719313e-03 3.980106e-03 6.076137e-04 1.114685e-03
7.990 1.666861e-03 3.909426e-03 5.974020e-04 1.086660e-03
8.000 1.473704e-03 3.945259e-03 4.892446e-04 9.473215e-04
8.010 1.432781e-03 3.877471e-03 4.733424e-04 9.232445e-04
8.020 1.392693e-03 3.810679e-03 4.578330e-04 8.996469e-04
8.030 1.353432e-03 3.744872e-03 4.427105e-04 8.765221e-04
8.040 1.314988e-03 3.680038e-03 4.279694e-04 8.538638e-04
8.050 1.277353e-03 3.616165e-03 4.136037e-04 8.316654e-04
8.060 1.240517e-03 3.553240e-03 3.996078e-04 8.099208e-04
8.070 1.204472e-03 3.491253e-03 3.859759e-04 7.886235e-04
8.080 1.169207e-03 3.430192e-03 3.727022e-04 7.677671e-04
8.090 1.134714e-03 3.370045e-03 3.597809e-04 7.473456e-04
8.100 1.100983e-03 3.310801e-03 3.472062e-04 7.273526e-04
8.110 1.068004e-03 3.252449e-03 3.349723e-04 7.077820e-04
8.120 1.035769e-03 3.194978e-03 3.230734e-04 6.886276e-04
8.130 1.004267e-03 3.138377e-03 3.115037e-04 6.698833e-04
8.140 9.734889e-04 3.082635e-03 3.002575e-04 6.515431e-04
8.150 9.434254e-04 3.027742e-03 2.893289e-04 6.336010e-04
8.160 9.140666e-04 2.973686e-03 2.787122e-04 6.160509e-04
8.170 8.854028e-04 2.920457e-03 2.684017e-04 5.988869e-04
8.180 8.574243e-04 2.868044e-03 2.583914e-04 5.821032e-04
8.190 8.301214e-04 2.816438e-03 2.486758e-04 5.656938e-04
8.200 8.034843e-04 2.765628e-03 2.392492e-04 5.496529e-04
8.210 7.775032e-04 2.715604e-03 2.301057e-04 5.339747e-04
8.220 7.521682e-04 2.666356e-03 2.212397e-04 5.186536e-04
8.230 7.274696e-04 2.617874e-03 2.126457e-04 5.036838e-04
8.240 7.033975e-04 2.570147e-03 2.043179e-04 4.890596e-04
8.250 6.799421e-04 2.523168e-03 1.962508e-04 4.747754e-04
8.260 6.570936e-04 2.476925e-03 1.884388e-04 4.608257e-04
8.270 6.348419e-04 2.431409e-03 1.808763e-04 4.472049e-04
8.280 6.131775e-04 2.386611e-03 1.735579e-04 4.339075e-04
8.290 5.920903e-04 2.342521e-03 1.664781e-04 4.209280e-04
8.300 5.715705e-04 2.299131e-03 1.596316e-04 4.082612e-04
8.310 5.516083e-04 2.256431e-03 1.530128e-04 3.959015e-04
8.320 5.321940e-04 2.214411e-03 1.466165e-04 3.838437e-04
8.330 5.133177e-04 2.173064e-03 1.404374e-04 3.720825e-04
8.340 4.949697e-04 2.132379e-03 1.344703e-04 3.606127e-04
8.350 4.771402e-04 2.092349e-03 1.287100e-04 3.494290e-04
8.360 4.598195e-04 2.052965e-03 1.231512e-04 3.385264e-04
8.370 4.429980e-04 2.014218e-03 1.177890e-04 3.278997e-04
8.380 4.266661e-04 1.976099e-03 1.126183e-04 3.175440e-04
8.390 4.108140e-04 1.938600e-03 1.076342e-04 3.074541e-04
8.400 3.954324e-04 1.901713e-03 1.028316e-04 2.976251e-04
8.410 3.805116e-04 1.865429e-03 9.820583e-05 2.880522e-04
8.420 3.660423e-04 1.829741e-03 9.375201e-05 2.787304e-04
8.430 3.520151e-04 1.794640e-03 8.946542e-05 2.696550e-04
8.440 3.384206e-04 1.760118e-03 8.534140e-05 2.608211e-04
8.450 3.252495e-04 1.726167e-03 8.137535e-05 2.522240e-04
8.460 3.124927e-04 1.692780e-03 7.756273e-05 2.438592e-04
8.470 3.001409e-04 1.659949e-03 7.389908e-05 2.357218e-04
8.480 2.881852e-04 1.627666e-03 7.038000e-05 2.278075e-04
8.490 2.766166e-04 1.595923e-03 6.700116e-05 2.201116e-04
8.500 2.654261e-04 1.564714e-03 6.375831e-05 2.126296e-04
8.510 2.546049e-04 1.534030e-03 6.064727e-05 2.053572e-04
8.520 2.441443e-04 1.503864e-03 5.766394e-05 1.982900e-04
8.530 2.340356e-04 1.474210e-03 5.480427e-05 1.914236e-04
8.540 2.242702e-04 1.445059e-03 5.206430e-05 1.847538e-04
8.550 2.148396e-04 1.416406e-03 4.944016e-05 1.782763e-04
8.560 2.057355e-04 1.388241e-03 4.692803e-05 1.719869e-04
8.570 1.969495e-04 1.360560e-03 4.452418e-05 1.658817e-04
8.580 1.884735e-04 1.333355e-03 4.222495e-05 1.599563e-04
8.590 1.802995e-04 1.306619e-03 4.002678e-05 1.542070e-04
8.600 1.724193e-04 1.280345e-03 3.792614e-05 1.486296e-04
8.610 1.648251e-04 1.254528e-03 3.591963e-05 1.432203e-04
8.620 1.575092e-04 1.229159e-03 3.400389e-05 1.379752e-04
8.630 1.504639e-04 1.204233e-03 3.217566e-05 1.328906e-04
8.640 1.436817e-04 1.179744e-03 3.043175e-05 1.279625e-04
8.650 1.371550e-04 1.155685e-03 2.876903e-05 1.231874e-04
8.660 1.308767e-04 1.132049e-03 2.718448e-05 1.185617e-04
8.670 1.248395e-04 1.108831e-03 2.567512e-05 1.140816e-04
8.680 1.190362e-04 1.086025e-03 2.423809e-05 1.097436e-04
8.690 1.134600e-04 1.063624e-03 2.287057e-05 1.055444e-04
8.700 1.081041e-04 1.041622e-03 2.156982e-05 1.014803e-04
8.710 1.029615e-04 1.020014e-03 2.033320e-05 9.754811e-05
8.720 9.802591e-05 9.987933e-04 1.915811e-05 9.374442e-05
8.730 9.329068e-05 9.779546e-04 1.804206e-05 9.006595e-05
8.740 8.874949e-05 9.574920e-04 1.698259e-05 8.650949e-05
8.750 8.439612e-05 9.373998e-04 1.597736e-05 8.307187e-05
8.760 8.022446e-05 9.176726e-04 1.502406e-05 7.974996e-05
8.770 7.622853e-05 8.983047e-04 1.412048e-05 7.654070e-05
8.780 7.240248e-05 8.792907e-04 1.326447e-05 7.344108e-05
8.790 6.874057e-05 8.606254e-04 1.245393e-05 7.044814e-05
8.800 6.523722e-05 8.423032e-04 1.168686e-05 6.755897e-05
8.810 6.188693e-05 8.243190e-04 1.096131e-05 6.477071e-05
8.820 5.868437e-05 8.066676e-04 1.027539e-05 6.208057e-05
8.830 5.562429e-05 7.893438e-04 9.627286e-06 5.948579e-05
8.840 5.270161e-05 7.723426e-04 9.015244e-06 5.698368e-05
8.850 4.991133e-05 7.556589e-04 8.437570e-06 5.457159e-05
8.860 4.724862e-05 7.392878e-04 7.892632e-06 5.224691e-05
8.870 4.470873e-05 7.232245e-04 7.378859e-06 5.000712e-05
8.880 4.228706e-05 7.074640e-04 6.894737e-06 4.784972e-05
8.890 3.997911e-05 6.920017e-04 6.438809e-06 4.577225e-05
8.900 3.778053e-05 6.768328e-04 6.009675e-06 4.377235e-05
8.910 3.568706e-05 6.619527e-04 5.605990e-06 4.184764e-05
8.920 3.369457e-05 6.473567e-04 5.226461e-06 3.999586e-05
8.930 3.179906e-05 6.330403e-04 4.869849e-06 3.821475e-05
8.940 2.999661e-05 6.189991e-04 4.534963e-06 3.650212e-05
8.950 2.828345e-05 6.052287e-04 4.220664e-06 3.485583e-05
8.960 2.665591e-05 5.917245e-04 3.925860e-06 3.327377e-05
8.970 2.511043e-05 5.784825e-04 3.649505e-06 3.175389e-05
8.980 2.364356e-05 5.654982e-04 3.390598e-06 3.029420e-05
8.990 2.225196e-05 5.527675e-04 3.148185e-06 2.889273e-05
9.000 2.093239e-05 5.402863e-04 2.921352e-06 2.754758e-05
9.010 1.968172e-05 5.280504e-04 2.709227e-06 2.625688e-05
9.020 1.849693e-05 5.160558e-04 2.510977e-06 2.501881e-05
9.030 1.737510e-05 5.042985e-04 2.325810e-06 2.383159e-05
9.040 1.631339e-05 4.927746e-04 2.152970e-06 2.269351e-05
9.050 1.530909e-05 4.814802e-04 1.991738e-06 2.160287e-05
9.060 1.435955e-05 4.704114e-04 1.841428e-06 2.055802e-05
9.070 1.346224e-05 4.595645e-04 1.701390e-06 1.955737e-05
9.080 1.261471e-05 4.489357e-04 1.571006e-06 1.859936e-05
9.090 1.181461e-05 4.385214e-04 1.449688e-06 1.768247e-05
9.100 1.105967e-05 4.283178e-04 1.336879e-06 1.680522e-05
9.110 1.034770e-05 4.183215e-04 1.232050e-06 1.596618e-05
9.120 9.676612e-06 4.085289e-04 1.134702e-06 1.516396e-05
9.130 9.044378e-06 3.989364e-04 1.044360e-06 1.439718e-05
9.140 8.449065e-06 3.895408e-04 9.605765e-07 1.366454e-05
9.150 7.888811e-06 3.803384e-04 8.829268e-07 1.296476e-05
9.160 7.361833e-06 3.713261e-04 8.110107e-07 1.229658e-05
9.170 6.866419e-06 3.625004e-04 7.444503e-07 1.165880e-05
9.180 6.400928e-06 3.538582e-04 6.828888e-07 1.105026e-05
9.190 5.963792e-06 3.453962e-04 6.259901e-07 1.046980e-05
9.200 5.553506e-06 3.371112e-04 5.734376e-07 9.916340e-06
9.210 5.168633e-06 3.290002e-04 5.249332e-07 9.388799e-06
9.220 4.807799e-06 3.210600e-04 4.801966e-07 8.886146e-06
9.230 4.469690e-06 3.132876e-04 4.389643e-07 8.407379e-06
9.240 4.153052e-06 3.056800e-04 4.009890e-07 7.951528e-06
9.250 3.856691e-06 2.982343e-04 3.660385e-07 7.517653e-06
9.260 3.579463e-06 2.909475e-04 3.338951e-07 7.104846e-06
9.270 3.320284e-06 2.838168e-04 3.043548e-07 6.712230e-06
9.280 3.078116e-06 2.768393e-04 2.772268e-07 6.338954e-06
9.290 2.851974e-06 2.700123e-04 2.523324e-07 5.984200e-06
9.300 2.640922e-06 2.633330e-04 2.295046e-07 5.647175e-06
9.310 2.444067e-06 2.567988e-04 2.085875e-07 5.327113e-06
9.320 2.260563e-06 2.504068e-04 1.894357e-07 5.023278e-06
9.330 2.089606e-06 2.441546e-04 1.719133e-07 4.734956e-06
9.340 1.930434e-06 2.380395e-04 1.558940e-07 4.461462e-06
9.350 1.782323e-06 2.320589e-04 1.412601e-07 4.202134e-06
9.360 1.644588e-06 2.262105e-04 1.279020e-07 3.956333e-06
9.370 1.516581e-06 2.204916e-04 1.157180e-07 3.723446e-06
9.380 1.397688e-06 2.148998e-04 1.046136e-07 3.502882e-06
9.390 1.287327e-06 2.094328e-04 9.450105e-08 3.294073e-06
9.400 1.184950e-06 2.040882e-04 8.529909e-08 3.096470e-06
9.410 1.090039e-06 1.988636e-04 7.693239e-08 2.909548e-06
9.420 1.002105e-06 1.937567e-04 6.933123e-08 2.732801e-06
9.430 9.206869e-07 1.887654e-04 6.243112e-08 2.565745e-06
9.440 8.453495e-07 1.838874e-04 5.617251e-08 2.407912e-06
9.450 7.756835e-07 1.791204e-04 5.050037e-08 2.258854e-06
9.460 7.113036e-07 1.744623e-04 4.536400e-08 2.118144e-06
9.470 6.518473e-07 1.699111e-04 4.071662e-08 1.985368e-06
9.480 5.969741e-07 1.654646e-04 3.651518e-08 1.860133e-06
9.490 5.463639e-07 1.611207e-04 3.272008e-08 1.742059e-06
9.500 4.997164e-07 1.568775e-04 2.929491e-08 1.630786e-06
9.510 4.567501e-07 1.527329e-04 2.620623e-08 1.525967e-06
9.520 4.172009e-07 1.486850e-04 2.342336e-08 1.427269e-06
9.530 3.808216e-07 1.447319e-04 2.091818e-08 1.334376e-06
9.540 3.473809e-07 1.408717e-04 1.866492e-08 1.246985e-06
9.550 3.166623e-07 1.371024e-04 1.664002e-08 1.164806e-06
9.560 2.884638e-07 1.334224e-04 1.482192e-08 1.087562e-06
9.570 2.625963e-07 1.298296e-04 1.319094e-08 1.014990e-06
9.580 2.388838e-07 1.263225e-04 1.172912e-08 9.468371e-07
9.590 2.171619e-07 1.228992e-04 1.042007e-08 8.828634e-07
9.600 1.972775e-07 1.195580e-04 9.248897e-09 8.228398e-07
9.610 1.790880e-07 1.162973e-04 8.202009e-09 7.665483e-07
9.620 1.624609e-07 1.131153e-04 7.267071e-09 7.137809e-07
9.630 1.472729e-07 1.100105e-04 6.432872e-09 6.643400e-07
9.640 1.334093e-07 1.069812e-04 5.689242e-09 6.180373e-07
9.650 1.207639e-07 1.040258e-04 5.026961e-09 5.746939e-07
9.660 1.092380e-07 1.011429e-04 4.437678e-09 5.341399e-07
9.670 9.874027e-08 9.833078e-05 3.913837e-09 4.962136e-07
9.680 8.918603e-08 9.558809e-05 3.448609e-09 4.607617e-07
9.690 8.049695e-08 9.291330e-05 3.035827e-09 4.276386e-07
9.700 7.260058e-08 9.030497e-05 2.669927e-09 3.967063e-07
9.710 6.543001e-08 8.776168e-05 2.345895e-09 3.678338e-07
9.720 5.892344e-08 8.528204e-05 2.059217e-09 3.408971e-07
9.730 5.302389e-08 8.286465e-05 1.805833e-09 3.157788e-07
9.740 4.767880e-08 8.050819e-05 1.582094e-09 2.923677e-07
9.750 4.283981e-08 7.821133e-05 1.384727e-09 2.705585e-07
9.760 3.846238e-08 7.597275e-05 1.210794e-09 2.502518e-07
9.770 3.450557e-08 7.379120e-05 1.057665e-09 2.313536e-07
9.780 3.093177e-08 7.166540e-05 9.229857e-10 2.137751e-07
9.790 2.770644e-08 6.959414e-05 8.046532e-10 1.974323e-07
9.800 2.479791e-08 6.757620e-05 7.007879e-10 1.822463e-07
9.810 2.217717e-08 6.561039e-05 6.097138e-10 1.681423e-07
9.820 1.981762e-08 6.369555e-05 5.299372e-10 1.550501e-07
9.830 1.769495e-08 6.183054e-05 4.601285e-10 1.429033e-07
9.840 1.578692e-08 6.001422e-05 3.991055e-10 1.316396e-07
9.850 1.407324e-08 5.824551e-05 3.458178e-10 1.212004e-07
9.860 1.253536e-08 5.652331e-05 2.993337e-10 1.115302e-07
9.870 1.115640e-08 5.484657e-05 2.588271e-10 1.025774e-07
9.880 9.920956e-09 5.321425e-05 2.235666e-10 9.429299e-08
9.890 8.815014e-09 5.162532e-05 1.929057e-10 8.663130e-08
9.900 7.825833e-09 5.007878e-05 1.662726e-10 7.954933e-08
9.910 6.941832e-09 4.857366e-05 1.431634e-10 7.300677e-08
9.920 6.152499e-09 4.710898e-05 1.231333e-10 6.696586e-08
9.930 5.448296e-09 4.568380e-05 1.057911e-10 6.139119e-08
9.940 4.820583e-09 4.429719e-05 9.079248e-11 5.624962e-08
9.950 4.261535e-09 4.294825e-05 7.783502e-11 5.151015e-08
9.960 3.764072e-09 4.163609e-05 6.665334e-11 4.714377e-08
9.970 3.321797e-09 4.035982e-05 5.701483e-11 4.312337e-08
9.980 2.928933e-09 3.911860e-05 4.871581e-11 3.942364e-08
9.990 2.580267e-09 3.791159e-05 4.157819e-11 3.602093e-08
