#         D1     D2       L1       L2       L3       L4
AD1  362.3804  371.7626  903.4664  817.1578 1353.6177 1265.3153 
AD2  357.9404  368.4142  903.3467  816.8962 1354.2293 1265.8861 
AD3 1332.4793 1358.1482  467.5740  489.5774  557.5792  499.2072 
AD4 1337.4293 1362.8763  472.9709  495.3458  558.7073  501.0714 
AD5 1919.6319 1894.3376 1533.1804 1533.6275 1551.3843 1524.9400 
AD6 1917.5188 1891.9765 1534.9194 1535.0322 1554.7671 1528.0460 
AD7 1925.2550 1899.8607 1538.9301 1539.4683 1556.3439 1530.0787 
AD8 1923.1489 1897.5072 1540.6667 1540.8715 1559.7210 1533.1791 



